Complex_Phrase,Native_Annotators,Non_Native_Annotators,Total_Annotators
production,2,2,4
Royal Opera House,0,1,1
Opera,0,1,1
Bradamante,2,1,3
island,0,1,1
Ruggiero,2,0,2
former,0,1,1
former tutor,1,1,2
tutor,2,5,7
audience,3,6,9
realizes,1,3,4
genuinely,5,7,12
depicted,5,8,13
depicted sympathetically,6,4,10
sympathetically,7,6,13
represented,3,3,6
urn,6,7,13
founded,2,1,3
composer,2,2,4
librettist,9,10,19
intention,5,7,12
provide,0,1,1
opera,1,0,1
vision,2,1,3
widened,2,4,6
poetry,1,0,1
lectures,2,0,2
exhibitions,8,4,12
thermodynamics,10,10,20
absolute,5,2,7
absolute zero,2,1,3
reached,0,1,1
thermodynamic,3,2,5
thermodynamic means,0,1,1
means,1,2,3
zero point,1,0,1
thermodynamic,2,2,4
temperature,2,0,2
temperature scale,1,0,1
scale,1,1,2
Kelvin,2,0,2
Rankine,2,0,2
absolute,0,1,1
absolute zero,1,0,1
Academy,0,1,1
Award,0,2,2
Merit,1,3,4
annually,2,2,4
Motion,0,2,2
Motion Picture,0,1,1
Motion Picture Arts,1,0,1
Sciences,1,0,1
motion picture,1,1,2
motion picture industry,1,1,2
industry,1,0,1
enlargement,8,10,18
post-communist,7,4,11
signed,1,1,2
Europe,0,1,1
Agreement,1,0,1
submitted,2,5,7
official application for membership,1,0,1
application,1,1,2
membership,0,2,2
post-communist,7,0,7
Hungary and Poland,0,1,1
Tallari,0,1,1
outstanding,4,9,13
outstanding season,1,1,2
season,2,0,2
finishing,0,1,1
EIHL,1,1,2
second highest goal scorer,1,0,1
scorer,1,3,4
managing,1,2,3
assists,0,2,2
denotes,9,4,13
denotes,2,2,4
coolest,1,0,1
spectral,8,5,13
spectral classes,3,2,5
subdivided,4,2,6
numerals,1,1,2
half-subtypes,7,5,12
Main-sequence,5,5,10
Main-sequence stars,1,1,2
surface,1,1,2
surface temperature,1,0,1
temperature,3,0,3
approximately,2,2,4
whereas,2,2,4
more-evolved,4,3,7
more-evolved stars,0,1,1
temperatures,1,0,1
Physically,2,0,2
indicate,1,4,5
atmosphere,8,3,11
normally,0,1,1
circumvent,10,9,19
circumvent censorship,2,2,4
censorship,7,3,10
filters,1,0,1
blocked vandals,0,1,1
vandals,6,4,10
Wikipedians,4,0,4
assume,2,3,5
good faith,1,0,1
appointed,7,3,10
Trial,2,1,3
Trial Division,2,1,3
Trial Division of the Supreme Court,1,0,1
Supreme,0,1,1
Supreme Court,1,0,1
Court of Appeal,3,3,6
Appeal,1,2,3
elected,1,1,2
Chancellor,6,7,13
University,1,0,1
serving,1,0,1
resigned,8,9,17
to take up,1,0,1
Governor,1,0,1
announced,4,3,7
Governor,1,0,1
Chernov,1,0,1
appointed,4,3,7
Queen s Counsel,1,0,1
Counsel,2,6,8
Chernov,1,1,2
created,0,2,2
Officer,1,0,1
Order of Australia,1,0,1
Queen s Birthday Honours list,1,0,1
Birthday Honours,0,1,1
Honours,5,5,10
Honours list,0,3,3
education,1,0,1
Chernov,1,0,1
Companion,4,8,12
Companion of the Order,1,0,1
Companion of the Order of Australia,1,0,1
bean,1,1,2
unearthed,10,10,20
Awazu-kotei,1,0,1
Ruin,1,0,1
Jōmon,3,0,3
Jomon,1,0,1
ruins,2,3,5
particular,1,0,1
boiled,1,3,4
resulting,1,0,1
ingredient,6,6,12
cuisines,9,6,15
azuki,2,1,3
azuki beans,2,0,2
sekihan,1,0,1
traditionally,3,2,5
auspicious,10,8,18
auspicious occasions,2,1,3
Gingerbread,3,2,5
Armenian,1,0,1
monk,2,3,5
Nicopolis,1,0,1
documented,4,1,5
documented trade,0,1,1
gingerbread,2,2,4
biscuits,3,1,4
monasteries,10,9,19
 pharmacies,1,0,1
pharmacies,7,3,10
square farmers  markets,0,1,1
implemented,7,6,13
reforms,3,2,5
EU accession,1,0,1
accession,9,6,15
consolidation,10,8,18
democratic,4,1,5
democratic systems,1,0,1
systems,1,0,1
institution,6,1,7
rule of law,0,1,1
acknowledgement,6,6,12
commitment,1,4,5
expression,1,2,3
implementation,7,3,10
functioning,2,0,2
functioning free-market economy,0,1,1
free-market,1,2,3
free-market economy,3,1,4
Acherontia,1,1,2
Acherontia atropos,7,3,10
atropos,2,1,3
widely-known,0,3,3
head Hawk moth,1,0,1
Hawk moth,0,1,1
moth,0,2,2
accompanies,2,1,3
flashing,0,1,1
abdomen,6,1,7
deter,3,7,10
predators,4,10,14
species,0,1,1
Acherontia,2,2,4
colonies,2,0,2
Apis mellifera,5,1,6
mellifera,0,1,1
hives,0,1,1
hives unmolested,0,1,1
unmolested,10,10,20
mimics,4,4,8
scent,0,1,1
bees,1,0,1
recognized,1,2,3
recognized as the prototype,1,0,1
prototype,9,10,19
L dwarfs,0,1,1
dwarfs,1,4,5
Most failed to live up to their candidacy,0,1,1
candidacy,9,10,19
absence,1,3,4
absence of lithium,1,0,1
lithium,4,2,6
stellar,5,7,12
stellar objects,3,3,6
emissions,10,9,19
infrared,3,3,6
infrared ( IR,2,1,3
spectrum,4,3,7
ground-based,1,3,4
ground-based IR detectors,1,0,1
IR detectors,0,1,1
detectors,3,3,6
imprecise,6,10,16
readily,0,1,1
brown dwarfs,2,2,4
dwarfs,2,4,6
emit,3,2,5
highlighted,0,1,1
Brown dwarfs discovered,1,0,1
dwarfs,0,1,1
issue,0,1,1
dwarf,0,1,1
Jupiter,0,1,1
masses,0,2,2
lithium,1,0,1
thermonuclear,5,5,10
thermonuclear fusion,4,5,9
fusion,4,2,6
evolution,5,5,10
Advaita,7,3,10
literally,1,1,2
"literally , non-duality",1,0,1
non-duality,5,8,13
identity,1,1,2
identity of the Self,1,0,1
Self,0,2,2
Brahman,1,0,1
Maya,0,1,1
removed,1,0,1
exists,2,0,2
ultimately,5,7,12
difference,1,0,1
Jiva,0,1,1
Mahavakya,2,2,4
sentences,1,0,1
unity,1,1,2
Brahman,1,0,1
Brahman and Atman,1,0,1
Atman,1,1,2
According,1,0,1
Supreme,0,1,1
Supreme Cosmic Spirit,1,3,4
Supreme Cosmic Spirit or Brahman,1,0,1
Cosmic,1,0,1
Cosmic Spirit,0,2,2
Spirit,0,1,1
Brahman,1,0,1
reality,2,3,5
Paramarthika,2,1,3
Paramarthika Satyam,1,0,1
Perceptible,10,6,16
Perceptible feeling,0,2,2
achieve,1,3,4
turīya,4,2,6
turīya state,3,2,5
claim,0,1,1
soul,0,1,1
Devotion,5,4,9
bad Karma,1,0,1
Karma,2,2,4
bring,0,1,1
knowledge,1,3,4
purifying,7,8,15
mind,0,1,1
traded,1,4,5
season,0,1,1
brought,0,2,2
Bentley,0,1,1
Leafs,2,1,3
basis,1,0,1
basis of the style,1,0,1
novelists,7,3,10
Turgenev,1,0,1
Goncharov,1,0,1
Leo Tolstoy,1,0,1
subsequent,10,6,16
lyric,1,3,4
lyric poets,1,1,2
Lermontov,1,0,1
Vertical,4,3,7
Vertical distance,1,1,2
measurements,1,1,2
referred,0,2,2
referred to,1,0,1
depth,0,4,4
elevations,5,7,12
statistically,6,4,10
statistically significant,3,2,5
significant,1,2,3
rate,0,2,2
suicide,3,1,4
lack,0,2,2
oxygen,1,0,1
metres,1,0,1
illnesses,0,2,2
altitude,3,4,7
altitude sickness,2,2,4
sickness,0,3,3
high altitude pulmonary edema,2,0,2
altitude pulmonary,1,0,1
pulmonary,1,2,3
pulmonary edema,8,4,12
edema,1,1,2
high altitude cerebral edema,2,0,2
cerebral,3,0,3
cerebral edema,7,4,11
edema,1,0,1
altitude,2,0,2
defined,1,1,2
population,2,2,4
census,10,4,14
second most populous,1,0,1
populous,10,5,15
Quito,1,0,1
pronunciation,5,2,7
formally,3,0,3
capital,1,0,1
elevation,8,7,15
sea level,0,1,1
official,1,1,2
responsibility,2,1,3
physician,6,5,11
"physician , midwife , hospital administrator",1,0,1
midwife,7,8,15
hospital administrator,2,1,3
administrator,2,3,5
birth,0,1,1
properly,1,3,4
properly registered,1,0,1
registered,2,2,4
appropriate,8,4,12
appropriate government,1,2,3
agency,2,0,2
statue,3,0,3
Accademia,1,1,2
replaced,1,1,2
original,2,0,2
replica,10,7,17
requirement,3,4,7
Cinco Dias,1,0,1
provisions,10,6,16
demanded,1,2,3
reform,8,3,11
conservative,3,5,8
conservative government,1,1,2
instilled,10,10,20
instilled markets,1,1,2
brief,0,2,2
brief dose of confidence,1,0,1
dose of confidence,1,1,2
confidence,0,1,1
stepping,2,1,3
U-turn,2,2,4
refusal,1,2,3
public money,1,0,1
rescue,0,1,1
rescue banks,1,1,2
control stake,5,0,5
stake,2,3,5
converting,2,2,4
state-backed,1,1,2
state-backed loan,4,1,5
shares,1,0,1
parent company,3,0,3
reportedly,1,0,1
boost,3,3,6
investment,1,0,1
transaction,4,3,7
refocussed,10,6,16
refocussed attention,1,0,1
potential,3,2,5
potential costs,0,1,1
conservative,2,0,2
determined,0,2,2
slash,4,8,12
slash spending,2,1,3
Santander,1,0,1
eurozones,6,1,7
by capital,1,0,1
capital,1,0,1
slumped,6,10,16
number-two BBVA,2,0,2
BBVA slid,1,0,1
slid,0,1,1
Banco Popular,1,0,1
skidded,5,10,15
Bankia,1,0,1
stake,2,3,5
crisis,0,3,3
crisis measure,5,1,6
measure,1,0,1
crippling,9,10,19
crippling bad loans,1,0,1
merger,8,9,17
seven savings banks,1,0,1
exposure,4,8,12
exposure to the property sector,1,1,2
property sector,4,0,4
sector,1,0,1
classed,1,1,2
classed as problematic,1,0,1
problematic,6,8,14
hangover,8,10,18
property party,2,0,2
extends,1,1,2
financial sector,2,0,2
sector,3,0,3
problematic,4,1,5
problematic real estate assets,1,0,1
real estate assets,2,0,2
assets,1,2,3
seized,5,9,14
seized property,0,1,1
property portfolio,6,1,7
portfolio,4,6,10
announcing,4,3,7
opposition,4,0,4
opposition rally,6,2,8
rally,0,2,2
Authorities,1,4,5
interior,1,2,3
interior ministry,3,2,5
interior ministry troops,3,0,3
troops,0,1,1
deployed,7,10,17
detained,9,8,17
protest,0,4,4
included,0,1,1
flare-type,5,5,10
flare-type fireworks,4,3,7
fireworks,1,1,2
pro-Kremlin,2,0,2
pro-Kremlin youth,1,2,3
spokesman,1,3,4
demonstrators,8,6,14
attempt,0,1,1
unsanctioned,10,8,18
unsanctioned rally,4,2,6
rally,0,2,2
protest,1,1,2
rallies,2,2,4
broken up,0,1,1
agreement,0,1,1
long sought,1,1,2
sought,6,7,13
U.S.-backed,1,0,1
perpetually,9,5,14
perpetually skittish,5,5,10
skittish,10,7,17
skittish leader,0,1,1
publicly,1,1,2
publicly voiced,0,1,1
voiced,1,0,1
befall,10,10,20
recognize,3,3,6
responsibly,2,2,4
rationale,10,9,19
reassure,5,5,10
Soviet withdrawal,1,0,1
withdrawal,5,4,9
withdrew,4,3,7
anti-Soviet,0,1,1
anti-Soviet militia forces,1,2,3
militia,3,1,4
militia forces,3,1,4
stage,1,0,1
Taliban,1,0,1
allowed,0,1,1
Turkish,1,0,1
journalists,2,0,2
detained,10,9,19
negotiate,10,10,20
negotiate their release,1,0,1
release,1,2,3
authorities,0,2,2
abducted,9,9,18
militiamen,10,4,14
blocked,1,1,2
abducting,9,5,14
abducting passengers,2,2,4
reporters,1,0,1
held separately,0,1,1
separately,2,1,3
prison,0,1,1
slept,0,2,2
concrete,1,3,4
concrete floor,0,1,1
lost track,0,2,2
lost track of the days,2,1,3
appreciate,9,7,16
appreciate freedom,0,1,1
relations,3,0,3
strained,8,10,18
search engine,5,0,5
dispute,4,5,9
dispute over censorship and security,1,0,1
censorship,10,10,20
security,1,0,1
spokeswoman,5,2,7
cleared,0,1,1
manufacturing,5,3,8
tablet computers,0,1,1
consumer,3,0,3
consumer devices,3,3,6
devices,0,1,1
access,0,3,3
Motorola,1,0,1
patents,7,2,9
Airport officials,1,0,1
ambassador,5,4,9
embassy,1,2,3
embassy staffers,3,2,5
staffers,4,8,12
staffers fled,0,1,1
fled,1,1,2
thousands,1,0,1
Egyptians,1,0,1
attacked,0,1,1
embassy,2,3,5
on condition of anonymity,1,0,1
condition,0,1,1
condition of anonymity,4,0,4
anonymity,8,9,17
not authorized,1,0,1
authorized,4,5,9
press,1,0,1
Yitzhak Levanon,1,0,1
Witnesses,2,1,3
insurgents,10,8,18
Islamic veils,1,2,3
veils,6,3,9
to conceal,0,1,1
conceal,9,7,16
weapons,1,0,1
Journal,0,2,2
insurgent,3,0,3
detonated,7,8,15
insurgents,5,1,6
compound,4,3,7
took over a laundry,0,1,1
laundry,0,2,2
maintenance,1,0,1
maintenance building,2,0,2
Suicide bombers,1,1,2
compound housing,0,1,1
security pact,3,6,9
pact,3,1,4
vulnerable,7,7,14
vulnerable to a resilient insurgency,1,0,1
resilient,6,6,12
resilient insurgency,4,5,9
insurgency,2,3,5
responsibility,0,1,1
insurgents,3,1,4
insurgents disguised,1,0,1
disguised,3,8,11
eastern outskirts,0,1,1
outskirts,7,8,15
Gurkha,1,0,1
passers-by,0,2,2
strategic,5,4,9
strategic partnership,3,2,5
strategic partnership deal,2,0,2
pact,1,0,1
sets out,0,1,1
combat,2,1,3
combat troops,0,3,3
troops,0,1,1
afterward,4,3,7
knocked,1,4,5
neighbours,2,3,5
neighbours door,1,0,1
obeyed,8,6,14
according,2,1,3
neighbour,0,1,1
heard,1,1,2
gunshots,0,3,3
arrived,0,1,1
on the scene,1,0,1
Pebbles,0,1,1
suffering,5,3,8
gunshot,1,0,1
gunshot wounds,0,1,1
wounds,0,2,2
heard,0,1,1
teen,0,1,1
ambulance,7,1,8
ambulance in a police car,1,0,1
ambulance,1,1,2
emerged,10,6,16
more police approaching,1,0,1
approaching,6,5,11
gunshot,1,0,1
Fighting flared,1,2,3
flared,10,10,20
Tripoli,1,0,1
wounded,0,3,3
victim,1,2,3
neighbourhood,1,1,2
Jabal Mohsen,1,0,1
populated,2,1,3
Assads Alawite sect,1,0,1
Alawite sect,0,1,1
sect,4,1,5
offshoot,10,8,18
offshoot of Shiite Islam,1,0,1
Battles,0,2,2
erupted,5,9,14
neighbourhood,0,1,1
Bab al-Tebbaneh,2,0,2
populated,3,1,4
Sunni,0,1,1
opposed,1,1,2
Assads regime,1,0,1
regime,5,3,8
security,1,0,1
Sunni,0,1,1
Islamist,0,1,1
suspicion,8,10,18
linked,0,2,2
terrorist,0,1,1
terrorist organisation,0,1,1
diplomatic,4,3,7
diplomatic front,4,2,6
ministers,1,0,1
fresh,0,2,2
fresh sanctions,3,0,3
sanctions,8,4,12
relentless,4,7,11
relentless repression,2,6,8
relentless repression of dissidents,2,1,3
repression,7,5,12
dissidents,10,10,20
regime,1,1,2
forces are scheduled,1,0,1
scheduled,3,5,8
scheduled to end combat operations,1,0,1
combat,1,4,5
combat operations,6,4,10
operations,1,0,1
wrenching,10,10,20
fallen,2,2,4
vowed,2,10,12
vowed not to compromise,1,0,1
compromise,10,6,16
sought,1,5,6
sought to,1,0,1
wind down,3,2,5
harms way,0,3,3
national,1,0,1
Afghanistan,1,0,1
responsibly,2,3,5
recent,0,1,1
Fierce,5,5,10
Fierce clashes,0,1,1
clashes,1,0,1
regime,6,3,9
regime forces,2,0,2
armed rebels,1,0,1
rebels,1,4,5
wounded,1,3,4
watchdog,8,6,14
slapped,2,3,5
slapped fresh sanctions,2,0,2
fresh sanctions,2,0,2
sanctions,6,2,8
Damascus regime,1,0,1
regime,2,0,2
The Syrian Observatory for Human Rights,1,0,1
Observatory,2,3,5
troop carriers,1,0,1
carriers,0,1,1
destroyed,0,1,1
clashes,1,0,1
outskirts,7,6,13
restive,5,5,10
restive Homs province,1,0,1
province,2,1,3
Regime forces,1,1,2
launched,1,0,1
offensive,3,2,5
sharp resistance,4,1,5
sharp resistance from,1,0,1
resistance,2,2,4
rebels,2,0,2
ouster,7,7,14
Observatory,1,1,2
wounded,1,0,1
shelling,7,3,10
shelling of the city,1,0,1
despite,0,3,3
month-old,0,1,1
ceasefire,6,8,14
ceasefire brokered,4,1,5
brokered,1,6,7
envoy,1,3,4
six-point,1,0,1
six-point plan,1,0,1
violence,1,0,1
swept,2,3,5
revolt,4,2,6
revolt erupted,2,1,3
erupted,4,7,11
regime,2,0,2
Israeli Foreign Ministry,1,0,1
Foreign,1,0,1
Ministry,1,0,1
officials,1,0,1
indicated,6,3,9
symbolic,4,0,4
symbolic gesture,8,6,14
gesture,2,4,6
signal,1,1,2
desire,0,2,2
return ties,1,1,2
neighbor,0,1,1
normalcy,10,7,17
permanent,3,1,4
permanent return,2,0,2
Israels envoy,0,1,1
envoy,6,8,14
security reasons,0,1,1
Sources,0,1,1
claimed,0,2,2
respond,0,1,1
request,0,1,1
regarding,1,0,1
security arrangements,3,1,4
arrangements,3,3,6
ambassador,1,0,1
ambassadors,2,2,4
ambassadors residence,2,0,2
residence,2,0,2
regarding,1,0,1
embassy,1,0,1
embassys,3,2,5
planned,0,1,1
planned new location,0,1,1
replace,1,1,2
Levanon,0,1,1
ambassador,2,1,3
expected,1,2,3
security arrangements,4,1,5
arrangements,2,1,3
setup,0,1,1
requests,0,1,1
letter of credence,7,3,10
credence,3,10,13
blames,0,4,4
bloodshed,8,5,13
armed gangs and extremists,0,1,1
extremists,7,5,12
foreign,1,0,1
foreign plot,1,0,1
plot,0,1,1
destabilize,10,9,19
Tensions stemming,1,0,1
stemming,10,10,20
uprising,2,2,4
touched off,2,2,4
clashes,2,2,4
Street battles,0,1,1
battles,1,0,1
pitting,3,8,11
Lebanese,1,0,1
Lebanese Sunnis,1,0,1
uprising,3,3,6
Alawite,1,1,2
regime,7,4,11
raising,1,0,1
death toll,0,1,1
toll,0,1,1
authorities,0,1,1
detained,10,6,16
national,3,0,3
violence,0,1,1
undermines,10,8,18
U.N.-backed peace plan,0,1,1
supposed,1,0,1
deadly crisis,1,1,2
crisis,3,1,4
cease-fire,7,8,15
limited effect,1,0,1
regime,8,0,8
nationalisation,10,8,18
nationalisation of other banks,1,0,1
ruled out,0,4,4
option,0,1,1
gravity,6,5,11
gravity of the economic situation,2,0,2
economic situation,1,0,1
increasingly difficult,0,1,1
refinance,10,8,18
refinance as much of the debt,1,0,1
debt,1,1,2
effectively,1,0,1
effectively took over,1,0,1
market anxiety,4,4,8
anxiety,3,3,6
anxiety over the lenders viability,1,0,1
lenders,0,2,2
lenders viability,2,3,5
viability,7,6,13
Toxic,0,2,2
Toxic assets,5,2,7
assets,2,1,3
decade-long,3,4,7
property bubble,3,1,4
property bubble burst,3,2,5
bubble,1,1,2
bubble burst,0,3,3
burst,0,2,2
countrys overspending regional governments,1,0,1
overspending,4,7,11
fanned,5,7,12
fanned fears,1,3,4
eurozone,4,2,6
eurozone debt crisis,1,0,1
debt,1,0,1
debt crisis,1,2,3
crisis,1,3,4
Toxic assets,5,2,7
assets,1,0,1
fear the hole,1,0,1
anniversary,4,4,8
Crocker,0,3,3
sole,5,5,10
sole turning,0,1,1
sole turning point,3,3,6
turning point,1,2,3
prevailing,10,10,20
prevailing in this,1,0,1
partners,1,0,1
taking on ourselves bringing perfection to,1,0,1
perfection,3,2,5
left,1,0,1
left to Afghans,1,0,1
repeat,0,1,1
withdrawal,6,8,14
Western backers,2,0,2
backers,3,5,8
in the wake of,1,0,1
withdrawal,0,2,2
unleashed,8,10,18
vicious,6,8,14
vicious civil war,1,2,3
al Qaeda,0,1,1
support bases,1,0,1
bases,0,1,1
bases arose,1,0,1
arose,4,1,5
lifted off,1,1,2
Afghanistan,1,0,1
rocked,2,2,4
vivid,8,7,15
vivid reminder,1,1,2
challenges,2,2,4
lay ahead,1,0,1
worse,1,2,3
worse problems,0,1,1
previously,2,1,3
previously thought,1,0,1
independent,0,1,1
independent economist,6,0,6
economist,5,2,7
attempt,0,3,3
soothe,7,10,17
soothe markets,1,0,1
reform,5,4,9
reform enabling,0,1,1
reform enabling banks,1,0,1
enabling,6,4,10
problem loans,2,0,2
agencies,3,1,4
state money,2,1,3
developers,4,4,8
Rajoy,0,1,1
second plank,2,0,2
plank,7,10,17
plank of the reform,1,0,1
reform,5,1,6
requirement,3,3,6
boost,1,5,6
boost a financial cushion,1,0,1
financial cushion,10,4,14
cushion,0,3,3
threat,0,1,1
threat of losses,1,0,1
property assets,6,1,7
assets,2,4,6
Economy Ministry,1,0,1
thousands,1,0,1
rallied,4,6,10
faced off,1,2,3
Interior,1,1,2
Interior Ministry troops,4,0,4
detained,10,10,20
protesters,5,4,9
journalists,2,0,2
Russian Union of Journalists,1,0,1
condemned,10,10,20
violence,0,2,2
probe,6,4,10
describing,0,1,1
attempt to gag,0,1,1
gag,5,7,12
gag and intimidate,1,1,2
intimidate,10,5,15
intimidate society,1,2,3
society,1,0,1
opposition,6,0,6
opposition rallies,2,0,2
rallies,0,1,1
expected,1,1,2
pro-Putin,1,0,1
pro-Putin gathering,2,2,4
gathering,0,2,2
parliamentary,8,1,9
suggested,0,1,1
tiring,0,1,1
tiring of,1,1,2
strongly overshadowed,1,0,1
overshadowed,10,10,20
reputation,6,4,10
reputation for corruption,1,0,1
corruption,8,8,16
Preliminary,5,2,7
Preliminary results,0,1,1
results indicate,0,1,1
indicate,0,1,1
steep,0,2,2
steep fall,1,1,2
majority,1,0,1
immediate,5,2,7
immediate market reaction,2,1,3
market reaction,3,1,4
government announcements,1,0,1
announcements,0,1,1
negative,1,0,1
yields,8,4,12
benchmark,4,3,7
benchmark government bonds,6,1,7
bonds,2,0,2
measure,0,1,1
risky,0,3,3
risky investors,1,1,2
investors,2,2,4
lending,0,4,4
narrowed,2,6,8
basis points,4,0,4
bluechip,5,5,10
bluechip shares,8,1,9
bluechip shares moderated,1,0,1
shares,1,0,1
moderated,3,6,9
holdings,1,0,1
holdings of repossessed property,1,0,1
repossessed,9,7,16
repossessed property,4,2,6
asset,1,0,1
asset management,1,1,2
asset management firms,6,0,6
fire sale,4,1,5
Luis de Guindos,1,0,1
conference,2,0,2
separate,0,1,1
bank rescues,2,0,2
rescues,3,5,8
enacted,7,10,17
de Guindos,1,0,1
estimated,3,2,5
teenage,0,1,1
teenage girl,0,1,1
Londonderry,1,0,1
critical,2,4,6
critical condition,9,3,12
Bellaghy parish,0,1,1
parish,4,2,6
parish priest,1,1,2
protect,0,1,1
continuing,2,1,3
in connection with,1,0,1
in connection with the incident,1,0,1
connection,3,3,6
incident,7,7,14
under attack,0,1,1
dived,3,3,6
process,2,2,4
questioned,1,0,1
questioned on suspicion of assisting,0,1,1
suspicion,10,10,20
suspicion of assisting an offender,4,0,4
assisting,4,4,8
assisting an offender,1,1,2
offender,2,10,12
been released,1,0,1
released,1,3,4
Skype,2,0,2
activist,2,6,8
Mousab Alhamadee,0,2,2
local rebel leader,0,1,1
rebel,0,3,3
alongside,3,5,8
civilians,5,2,7
defend,1,2,3
civilians,0,1,1
referring,2,3,5
umbrella,1,0,1
umbrella group,7,3,10
anti-regime,5,3,8
anti-regime militias,6,5,11
militias,7,5,12
amateur,8,8,16
amateur video,1,2,3
mosque,5,1,6
coffins,1,4,5
piled,0,4,4
wrapped,2,4,6
cloth,0,1,1
plain of farmland,1,0,1
farmland,0,2,2
dotted,3,3,6
Alawites,0,1,1
offshoot,2,6,8
offshoot sect,6,4,10
sect,1,1,2
Shiite,0,2,2
Alhamadee,0,1,1
sectarian,4,4,8
sectarian tensions,7,3,10
uprising,1,6,7
deteriorated,10,9,19
anti-Assad,1,0,1
uprising,3,1,4
New updates,0,1,1
updates,1,2,3
better-optimized,9,5,14
better-optimized versions,5,2,7
versions,0,1,1
Android,1,0,1
smartphone,1,0,1
smartphone manufactures,3,0,3
manufactures,2,0,2
defended,1,3,4
intentions,5,5,10
special treatment,2,0,2
Android-running,0,1,1
Android-running OEMs,0,1,1
OEMs,2,2,4
Apparently,2,4,6
argument,1,3,4
regulatory,2,2,4
regulatory hurdles,8,3,11
hurdles,3,6,9
close the deal,1,0,1
purchasing,0,1,1
patents,7,5,12
duking,6,8,14
duking it out,4,3,7
Java-related,3,1,4
Java-related patents,2,0,2
patents,2,0,2
defend,0,1,1
lawsuits,3,7,10
VB,1,0,1
detained,8,8,16
protest,0,1,1
downtown,0,2,2
included,0,1,1
flare-type,6,8,14
flare-type fireworks,3,3,6
fireworks,0,1,1
pro-Kremlin,3,1,4
pro-Kremlin youth,0,1,1
hit,1,0,1
euros,1,0,1
losses,1,0,1
bursting,5,8,13
decade-long,2,4,6
decade-long property bubble,1,1,2
property bubble,7,1,8
bubble,1,1,2
concerns,1,0,1
overspending,3,5,8
overspending regional governments,2,0,2
regional,1,0,1
fanned,5,8,13
fanned fears,0,2,2
new euro zone debt crisis,1,0,1
euro zone,2,0,2
euro zone debt crisis,1,1,2
debt crisis,4,2,6
crisis,0,1,1
toxic,1,1,2
toxic assets,7,4,11
assets,1,1,2
the hole is even bigger,1,0,1
Successive,7,3,10
Successive waves,4,2,6
Successive waves of bank sector clean-ups,0,1,1
waves,0,1,1
bank sector,1,0,1
sector,1,0,1
clean-ups,4,2,6
convince,1,2,3
convince investors,0,1,1
investors,1,1,2
reform,2,1,3
reform package,4,2,6
troubled banks,0,1,1
convincing,2,1,3
convincing investors,1,0,1
investors,1,0,1
the sector is solvent,1,0,1
solvent,10,8,18
strategy,1,3,4
bailout,10,8,18
expected,0,1,1
government package,1,1,2
measures,1,0,1
obliging,7,6,13
obliging banks,1,1,2
provisions,5,2,7
provisions against bad loans,0,1,1
entity,3,2,5
reforms,6,5,11
clean-up,1,1,2
last-minute talks,0,2,2
lenders,2,7,9
expected,0,2,2
force banks,1,0,1
toxic,5,5,10
toxic real estate assets,6,2,8
real estate assets,2,0,2
assets,4,0,4
holding companies,4,1,5
announce,0,1,1
announce demands,0,1,1
set aside,0,1,1
sound loans,5,1,6
loans,0,1,1
real estate portfolios,2,1,3
portfolios,9,7,16
provisions,9,4,13
cover bad assets,0,1,1
bad assets,6,2,8
assets,1,2,3
finalised,5,2,7
Reuters,1,1,2
new provisions,1,0,1
provisions,7,5,12
bad bank scheme,3,0,3
bad bank,0,3,3
scheme,7,1,8
approved,0,1,1
approves,0,1,1
approves impeachment,1,0,1
impeachment,10,10,20
Supreme Court,1,0,1
attorney,1,1,2
attorney general,1,1,2
attorney generals,1,1,2
impeach,7,3,10
Otto Pérez,0,1,1
Pérez,1,0,1
pictured,0,2,2
accused,3,3,6
accused of corruption,0,1,1
corruption,8,4,12
decision,1,0,1
lifting,0,1,1
lifting Presidential immunity,0,1,1
immunity,10,8,18
falls,0,1,1
corruption,4,1,5
corruption scandal,1,0,1
scandal,1,6,7
La Linea((en,0,1,1
Roxana Baldetti,0,1,1
Baldetti,1,0,1
fraud,5,3,8
receiving bribes,0,1,1
bribes,6,7,13
Prosecutors,2,2,4
Prosecutors allege,0,1,1
allege,1,3,4
Baldetti,1,1,2
bribes,1,4,5
impeach,3,1,4
investigation,2,2,4
broadened,4,6,10
ministerial,3,0,3
ministerial resignations,6,1,7
resignations,8,2,10
stood,0,1,1
widespread,2,4,6
protests,2,0,2
demanding,1,1,2
Elections,1,0,1
scheduled,3,2,5
commented,0,3,3
rape,2,0,2
rape charges,0,1,1
charges,0,1,1
political motivation,1,2,3
motivation,4,6,10
denied,2,3,5
allegations,10,8,18
Papernaya,1,0,1
Alas,2,0,2
national,0,1,1
performance,1,0,1
performance artist,1,0,1
criminal,1,0,1
psychopath,10,9,19
psychopath and a rapist,1,0,1
rapist,4,4,8
Ukraine,1,0,1
painful performances,0,3,3
performances,2,1,3
Pyotr Pavlensky,1,0,1
sewed,0,4,4
sewed his lips,3,2,5
lips,0,1,1
musical,0,1,1
Pussy Riot,1,0,1
Riot,1,0,1
imprisoned,7,5,12
hooliganism,10,10,20
anti-Putin,1,0,1
nailed,0,3,3
nailed his scrotum,1,1,2
scrotum,9,5,14
Fixation,8,3,11
Matt OBrien,0,1,1
Washington Post,1,0,1
claims,3,0,3
tax cut,2,0,2
wealthiest,3,6,9
citizens,1,0,1
Obamacare,2,1,3
funds,1,0,1
converted,6,2,8
purposes,0,1,1
estimated,6,3,9
annually,2,3,5
Policy,0,1,1
significant,8,4,12
significant motive,1,1,2
motive,1,5,6
Republican,1,0,1
Republican Senators,2,0,2
Senators,0,1,1
repeal,5,6,11
Obamacare,2,1,3
House Majority,1,0,1
Majority,0,1,1
Kevin McCarthy,0,1,1
legislation,6,3,9
legislation repealing,2,2,4
repealing,4,7,11
Obamacare,2,1,3
replacing,0,2,2
Democratic,2,0,2
Senator,0,1,1
million,0,1,1
health insurance,1,0,1
insurance,2,1,3
ACA,0,2,2
jet crashes,0,1,1
crashes,0,1,1
airshow,2,5,7
Thailand,0,1,1
crashed,0,1,1
pilot,2,0,2
International,1,0,1
Songkhla​,0,1,1
annual,1,0,1
airshow,3,3,6
Gripen,3,1,4
crashed,2,1,3
runway,1,3,4
exploded,3,6,9
commercial,9,1,10
identified,2,1,3
Squadron,2,2,4
Squadron Leader,5,0,5
Dilokrit Pattavee,0,1,1
vehicle,1,0,1
vehicle rolled over,0,1,1
rolled,1,3,4
rolled over,1,0,1
responding,1,3,4
screamed,3,5,8
video footage,0,2,2
footage,3,2,5
crash,0,1,1
Royal Thai Air Force,1,0,1
accident,2,0,2
deterred,10,10,20
spokesperson,5,2,7
Pongsak Semachai,0,1,1
investigatory,3,3,6
investigatory commission,9,3,12
commission,1,0,1
formed,1,0,1
Prayut Chan-o-cha,0,1,1
offered,0,1,1
offered his sympathies,0,1,1
sympathies,10,6,16
Pattavees,0,1,1
relatives,1,1,2
purchasing,0,2,2
Gripen jets,1,0,1
neighbours,3,0,3
aircraft,0,1,1
baht,4,0,4
experiments,7,1,8
performed,3,1,4
laboratory,8,1,9
laboratory mice,0,1,1
mice,0,2,2
research,0,1,1
engineered,4,2,6
engineered virus,2,1,3
virus,1,0,1
target,0,1,1
alter,1,0,1
specific,1,0,1
specific sets,0,2,2
neurons,10,3,13
fitted,0,2,2
intracranial,9,9,18
intracranial optical fibers,4,3,7
optical,4,0,4
fibers,1,1,2
expose,1,0,1
excited,1,2,3
neurons,3,1,4
amygdala,10,6,16
emotion and aggression,1,0,1
aggression,3,6,9
stimulated,3,5,8
stimulated prey pursuit,1,0,1
stimulated prey pursuit behavior,2,1,3
prey,2,1,3
prey pursuit,0,1,1
prey pursuit behavior,0,2,2
pursuit,5,4,9
behavior,2,0,2
stalking,3,5,8
stimulated,2,5,7
jaw,0,1,1
exposed,0,1,1
primed,5,3,8
primed mice,0,1,1
stalk,1,2,3
stalk and then pounce,0,1,1
pounce,4,5,9
pounce on,0,1,1
enclosure,1,5,6
scent,1,0,1
prey,0,1,1
Representative,9,3,12
where its pointed,1,0,1
process,3,1,4
Jezebel,1,0,1
Associated,1,0,1
Associated Press,1,0,1
dismiss,3,4,7
timeline,0,4,4
impossible,0,1,1
complicated,2,2,4
complicated nature,1,2,3
congressional,7,3,10
congressional workings,2,1,3
workings,1,0,1
possibility,3,0,3
comprehensive,9,8,17
comprehensive reform,3,2,5
comprehensive reform bill,3,0,3
reform,1,1,2
reform bill,1,0,1
bill,0,1,1
Obamacare,2,0,2
feasible,8,10,18
The Affordable Care Act,1,0,1
Affordable,0,3,3
cited,0,1,1
key accomplishment,0,1,1
accomplishment,6,8,14
administration,1,0,1
mixed reputation,1,0,1
reputation,4,4,8
conservatives,3,4,7
market-based,3,1,4
market-based health care system,1,0,1
flexible,0,3,3
efficient,1,2,3
costly,1,0,1
Affordable,0,1,1
Affordable Care Act,1,0,1
discredited,6,5,11
discredited pledge,4,2,6
pledge,2,5,7
switch,1,2,3
collision,9,6,15
airport,1,0,1
yesterday,1,0,1
national mourning,1,1,2
mourning,9,6,15
Kyrgyzstan,3,1,4
flight,1,0,1
operated,2,1,3
international,3,0,3
Bishkek,2,0,2
fatal,6,4,10
fatal crashes,0,2,2
crashes,0,2,2
en route,0,3,3
crashed,0,2,2
shortly after take-off,1,0,1
take-off,1,3,4
people on board,0,1,1
on board,1,0,1
board,1,0,1
contract,2,2,4
contract extension,2,1,3
extension,3,5,8
Bayern  German football club,1,0,1
announced,2,0,2
Dutch winger,0,2,2
winger,3,1,4
Arjen,1,0,1
one contract extension,1,0,1
contract extension,1,0,1
extension,6,2,8
Spending,1,0,1
Munich,0,1,1
scored,1,0,1
Bundesliga,2,1,3
Bundesliga appearances,1,0,1
appearances,4,3,7
netted,3,10,13
League,2,0,2
source,0,1,1
medicine,0,1,1
medicine in nature,1,0,1
species,3,4,7
access,2,2,4
source,0,1,1
evolved,7,3,10
evolved the same behaviour,1,0,1
behaviour,4,1,5
medicate,5,5,10
research,1,1,2
Phew,1,1,2
questions,1,0,1
unanswered,4,5,9
Ph.D,1,0,1
ants,0,1,1
recognize,5,5,10
collaborating,8,8,16
Copenhagen,0,2,2
immunity,8,7,15
immunity in fungus-growing termites,1,0,1
fungus-growing,6,3,9
fungus-growing termites,0,2,2
termites,6,7,13
chemical,2,0,2
chemical recognition,1,0,1
chemical recognition abilities,4,0,4
recognition,4,2,6
recognition abilities,0,2,2
Furthermore,2,1,3
social parasitism,4,2,6
parasitism,10,8,18
wood-ants,1,2,3
exploiting,6,4,10
nest,0,1,1
shelter,1,2,3
resources,1,2,3
somehow,0,1,1
fortress,7,6,13
methods,2,0,2
equipment,8,5,13
low budget,0,2,2
budget,6,4,10
experimental,10,1,11
experimental setups,1,2,3
setups,0,4,4
equipment,4,1,5
nicknamed,2,6,8
Nickinator,2,1,3
i-Nick,1,0,1
fundamental,10,7,17
fundamental science,2,1,3
science,2,0,2
wherever,0,1,1
wild,0,1,1
wild colonies,1,1,2
colonies,5,3,8
Formica fusca,4,1,5
fusca,2,3,5
searching,0,1,1
tree-trunks,1,4,5
logging,2,6,8
logging sites,1,3,4
housed,0,3,3
ants,0,1,1
nests,0,3,3
Y-tong,2,0,2
Y-tong [aerated concrete,0,1,1
aerated,1,1,2
aerated concrete,1,1,2
concrete,1,0,1
carve,1,8,9
carved,0,2,2
old CD covers,1,0,1
prevent,1,1,2
escaping,2,1,3
Force India,1,0,1
joined,0,1,1
Marussia,2,2,4
following,1,2,3
Monaco,1,0,1
Monaco Grand Prix,1,1,2
Grand Prix,1,0,1
scored,0,2,2
Marussias,1,1,2
ninth-place,1,1,2
ninth-place finish,0,1,1
accident,2,1,3
sanctions,10,5,15
Formula One,1,0,1
Formula One racing,0,1,1
racing,0,1,1
panel,4,4,8
investigate,8,5,13
crash,0,2,2
Afterwards,1,2,3
revealed,2,4,6
revealed its findings,0,1,1
Bianchi,0,2,2
entered,0,1,1
run-off,1,3,4
run-off area,2,0,2
track,0,1,1
disabled,5,4,9
failsafe,8,9,17
failsafe mechanism,5,2,7
mechanism,4,2,6
throttle,10,9,19
throttle and brake together,0,1,1
brake,0,3,3
Eventually,0,3,3
mandated,10,10,20
virtual safety car,2,2,4
virtual,1,0,1
requires,0,1,1
enter the pit lane,0,1,1
the pit,1,0,1
pit,0,1,1
proceeding,9,3,12
broadcasts,8,4,12
broadcasts,1,2,3
exchange,3,2,5
fire,1,0,1
loudspeakers,1,1,2
loudspeakers broadcasting,0,1,1
loudspeakers broadcasting propaganda,1,0,1
broadcasting,0,1,1
propaganda,10,9,19
respond,1,1,2
militarily,4,2,6
broadcasts,1,0,1
militaries,3,0,3
alert,0,2,2
withholds,1,5,6
death,1,0,1
death penalty,0,1,1
penalty defendants,1,0,1
defendants,1,5,6
judgement,4,0,4
released,1,0,1
very considerable unease,1,0,1
considerable,2,2,4
considerable unease,1,2,3
unease,6,4,10
rejected,4,0,4
application,3,1,4
defendants,4,1,5
penalty,1,2,3
sought,0,3,3
Metropolitan,4,1,5
assist,2,2,4
assist their defence,1,0,1
defence,4,0,4
murders,1,1,2
occurred,3,0,3
picturesque,10,8,18
picturesque resort island,2,0,2
Koh Tao,0,1,1
pictured,0,1,1
Minister,1,0,1
pictured,0,3,3
negotiations,10,7,17
led,0,1,1
starved,1,8,9
"starved, suffocated, stripped naked",1,0,1
suffocated,9,8,17
stripped,2,8,10
stripped naked,0,1,1
exposed,0,1,1
temperatures,3,0,3
beaten,0,1,1
threatened,7,6,13
denied,2,1,3
denied legal representation,1,0,1
legal representation,1,1,2
representation,2,0,2
Royal Thai,0,1,1
misconduct,10,6,16
Mr Justice Green,0,1,1
assistance,3,0,3
report is known to contain,0,1,1
material,1,0,1
disputed,5,7,12
Phyo,1,1,2
confessions,5,6,11
representation,4,0,4
retracting,10,8,18
backed up,1,2,3
torture,4,5,9
evidence,3,0,3
the report described,0,1,1
described,2,0,2
routine,3,3,6
routine conduct,0,1,1
conduct,3,0,3
crime investigation,0,1,1
investigation,2,1,3
Extradition,10,10,20
are thought,0,1,1
alongside,4,3,7
eighteen-month-old,1,1,2
Syrian,0,1,1
travel document,1,0,1
document,2,1,3
spokesman,1,3,4
Hans,0,1,1
Peter Doskozil,0,1,1
Doskozil,1,0,1
journalists,3,1,4
first assumption,0,1,1
assumption,10,6,16
migrants,8,6,14
Syrian,0,1,1
migrants,3,0,3
rule out,1,1,2
accused,3,3,6
escorted,8,10,18
Kecskemet,2,0,2
central,1,0,1
police convoy,0,1,1
convoy,8,5,13
Reportedly,1,1,2
lorry,2,1,3
traveled,0,1,1
Kecskemet,1,1,2
presently,2,0,2
building a border,1,0,1
fence,0,2,2
Serbian,1,0,1
Serbian frontier,1,0,1
frontier,5,3,8
migrants,3,1,4
war-torn,2,0,2
war-torn Syria,0,1,1
access,2,0,2
access to,0,1,1
Schengen,2,0,2
movement,1,2,3
lorry,5,3,8
so-called,1,0,1
Eastern Motorway,0,1,1
Motorway,1,0,1
Hungarian,2,1,3
hard shoulder,1,1,2
Neusiedl,2,1,3
Parndorf,2,1,3
closer,0,1,1
victims,1,2,3
suffocated,10,9,19
seeking,0,3,3
Krone,0,1,1
published,3,1,4
non-articulated,10,9,19
lorry,3,1,4
hard shoulder,0,1,1
vehicle,2,0,2
liquid,1,0,1
passing motorist,1,0,1
motorist,0,3,3
helicopter,4,1,5
on-scene,1,2,3
branding,1,6,7
Slovakian,2,0,2
Hyza,2,0,2
companys website,1,0,1
sported,1,3,4
apparent,6,2,8
apparent anti-immigration,2,0,2
apparent anti-immigration graphic,0,2,2
anti-immigration,6,4,10
anti-immigration graphic,2,1,3
graphic,3,2,5
Wikinews,3,0,3
detention,9,6,15
detention relates,1,0,1
relates,0,1,1
discovery,2,1,3
lorry,5,2,7
corpses,4,10,14
death toll,1,1,2
toll,0,2,2
yesterday,0,1,1
finalised,4,0,4
hearing,0,3,3
Kecskemet,4,1,5
pictured,0,1,1
lorry,3,1,4
abandoned,6,7,13
hard shoulder,2,1,3
shoulder,1,1,2
Eastern Motorway,2,1,3
Hungarian,0,1,1
Roadworkers,3,3,6
suspicious,8,5,13
seeping,3,4,7
vehicle,1,0,1
responding,1,2,3
estimates,2,3,5
suffocated,10,7,17
lorry,1,1,2
Parndorf,1,1,2
arrested,2,0,2
Bulgarian,0,1,1
Criminal,1,0,1
Criminal suspects,1,2,3
suspects,0,2,2
prosecutors,10,8,18
citing,1,1,2
seriousness,3,3,6
extended,4,1,5
dubbed,6,10,16
gag,1,2,3
gag law,3,2,5
es,1,0,1
gagging,2,4,6
gagging law,2,2,4
prohibits,3,5,8
unauthorized,8,6,14
jeopardize,10,10,20
protected,2,0,2
facilities,4,1,5
operations,2,0,2
Joaquim Bosch,1,1,2
Democracy spokesperson,0,1,1
spokesperson,1,2,3
citizens,1,0,1
citizens security,1,0,1
protests,1,2,3
indicate that the,0,1,1
preoccupied,8,6,14
economic situation,1,1,2
political corruption,2,0,2
corruption,5,2,7
Amnesty International,1,0,1
International condemned,1,0,1
condemned,6,6,12
threats,1,1,2
to stigmatize,1,0,1
stigmatize,10,10,20
stigmatize and criminalize,1,0,1
criminalize,10,2,12
Virginia Álvarez,1,0,1
instead of listening to their demands,0,1,1
dialogue,4,2,6
authorities,1,0,1
impede,8,8,16
impede people from protesting,1,0,1
protesting,1,0,1
shots,0,1,1
reported,1,2,3
interviewee,10,9,19
Vicki Gardner,0,1,1
transported,3,2,5
underwent,4,7,11
underwent surgery,1,2,3
surgery,1,1,2
injuries,1,1,2
stable,1,1,2
stable condition,0,2,2
gunman,0,1,1
identified,1,1,2
Vester Lee Flanagan,0,1,1
fled,0,5,5
scene,0,1,1
brief,0,1,1
chase,0,3,3
ensued,9,10,19
law enforcement,1,3,4
enforcement,8,3,11
enforcement attempted,1,1,2
attempted,1,2,3
unsuccessfully,6,2,8
Flanagan,2,0,2
Interstate,1,2,3
Fauquier,2,0,2
pulled off,1,0,1
pronounced,8,7,15
Fairfax-area,1,1,2
reported,0,1,1
alias,5,1,6
Bryce Williams,0,1,1
WDBJ,1,0,1
Flanagan,0,1,1
difficult,1,1,2
race-related,2,3,5
race-related driver death,1,0,1
Marino Grand Prix,0,1,1
Grand Prix,1,0,1
Ayrton,1,1,2
late portion,1,3,4
portion,2,0,2
Grand Prix,0,1,1
Suzuka,0,1,1
Circuit,2,0,2
Bianchi,1,0,1
Bianchi collided,0,1,1
collided,9,8,17
tractor crane,1,0,1
crane,0,2,2
attending,1,0,1
crashed,0,2,2
Bianchis,0,1,1
wedged,5,10,15
wedged underneath,1,3,4
underneath,0,3,3
diffuse,6,2,8
diffuse axonal,2,0,2
diffuse axonal injury,5,5,10
axonal,5,5,10
axonal injury,1,1,2
injury,3,0,3
coma,4,5,9
accident,1,0,1
intensive,2,3,5
intensive care unit,1,1,2
rehabilitation,9,6,15
rehabilitation therapy,2,4,6
therapy,0,1,1
Philippe,0,1,1
described,1,0,1
non-progress,2,2,4
daily torture,2,3,5
torture,4,2,6
Renault,0,1,1
inaugural,8,4,12
inaugural member,3,1,4
Ferrari,0,1,1
charged,1,4,5
occasions,5,2,7
Pavlensky,1,2,3
Russias,0,1,1
Federal,1,0,1
Federal Security Service,1,0,1
headquarters,5,1,6
Pavlensky,0,1,1
artwork,1,1,2
Threat,3,3,6
sentenced,2,3,5
prison,0,1,1
term,0,1,1
vandalism,10,10,20
released,0,1,1
Anastasia Slonina,0,1,1
actress,1,0,1
theatre,1,0,1
Teatr,0,1,1
Teatr.doc,0,1,1
liberal,7,2,9
liberal plays,0,1,1
filed,0,1,1
filed rape charges,0,1,1
rape,1,1,2
charges,0,1,1
Pavlensky,0,1,1
Oksana,0,3,3
claims,1,1,2
CCTV video footage,1,0,1
video footage,1,1,2
footage,2,4,6
Pavlensky,0,1,1
beating,0,1,1
Slonina,1,0,1
Sloninas,0,1,1
appear,0,1,1
detained,10,8,18
Sheremetyevo,2,3,5
questioning,4,2,6
Indianapolis,0,1,1
Indianapolis Motor Speedway,1,0,1
Doug Boles,0,1,1
Hulman,0,1,1
Mark Miles,0,1,1
officially,5,1,6
officially announced,0,1,1
announced,7,0,7
Wilsons,0,1,1
accident,3,1,4
evaluated,10,10,20
foot injury,0,1,1
injury,1,0,1
released,1,2,3
Andretti,0,1,1
Autosport,2,0,2
teammate,3,5,8
teammate Ryan,0,1,1
Hunter-Reay,0,1,1
celebrate,5,0,5
Victory Lane,1,0,1
stated,1,1,2
teammate,2,4,6
hard,0,1,1
Formula One,2,1,3
Champ Car driver,0,1,1
ride,0,1,1
entering,0,1,1
Andretti,1,2,3
seven-race,0,2,2
seven-race deal,2,0,2
deal,0,2,2
contract,6,2,8
previously,4,2,6
acquiring,6,8,14
acquiring sponsorship,4,0,4
sponsorship,9,5,14
increased,0,1,1
events,1,0,1
recorded,1,2,3
best finish,1,0,1
Mid-Ohio Sports Car Course,0,1,1
excused,5,4,9
evidence,4,1,5
self-medicating,9,6,15
self-medicating insects,1,1,2
insects,1,0,1
widespread,5,9,14
widespread do you think this phenomenon,1,0,1
phenomenon,10,10,20
first evidence,1,0,1
evidence,1,2,3
self-medication,4,1,5
Moths,0,4,4
definitely,0,2,2
evidence,3,2,5
evidence in honey bees and bumble-bees as well,1,0,1
bumble-bees,3,5,8
wide-spread,2,2,4
insect,1,0,1
insect world,0,1,1
doubt,0,1,1
cases documented,1,0,1
documented,7,6,13
taking care of themselves,1,0,1
locate,1,0,1
healing,1,5,6
healing substances,2,3,5
substances,2,2,4
Bidens,0,1,1
pictured,1,3,4
pictured together,1,0,1
file,0,1,1
enjoyed,0,1,1
unusually,3,3,6
warm relationship,0,1,1
ceremony,4,6,10
described,0,1,1
highly emotional,1,1,2
emotional,1,2,3
cited,3,2,5
running mate,1,2,3
mate,0,2,2
career,1,0,1
described,1,1,2
arguments,5,4,9
a lion of American history,1,0,1
modified,8,4,12
modified form,2,2,4
Medal of Freedom,1,0,1
distinction,10,7,17
awarded,0,2,2
Pope John Paul,0,1,1
then-former,0,1,1
Secretary,1,0,1
Secretary of State,1,0,1
Colin Powell,0,1,1
ceremony,1,0,1
comically,10,7,17
bromance,10,9,19
spreading,1,5,6
spreading multiple,0,1,1
multiple,3,0,3
multiple conspiracy theories,1,1,2
conspiracy,7,8,15
conspiracy theories,4,1,5
theories,3,0,3
concerning,3,1,4
President,1,0,1
President Barack Obama,0,1,1
previously,0,1,1
Democratic,1,0,1
presidential,3,1,4
presidential nomination,1,0,1
nomination,7,4,11
unsuccessfully,7,1,8
unsuccessfully sought,0,1,1
sought,5,5,10
Republican,1,1,2
Republican Party,0,1,1
Primary,0,1,1
primary,1,0,1
ballot,5,4,9
appeared,0,1,1
harbor,3,6,9
harbor high expectations,0,1,1
expectations,4,1,5
electoral,6,1,7
electoral success,2,0,2
debates,2,2,4
reference,0,1,1
seventeen candidates,0,1,1
debates,2,0,2
casts,0,4,4
eighteenth,1,1,2
eighteenth candidate,2,0,2
willing,1,1,2
participate,1,1,2
second-tier,5,3,8
second-tier debate,1,0,1
debate,2,0,2
Moreover,1,0,1
second-most,0,1,1
exciting,2,0,2
reserving,1,0,1
praises,2,2,4
throughout,1,1,2
announcement,6,4,10
According to,0,1,1
Agus,1,0,1
Agus Supriatna,1,0,1
Supriatna,3,0,3
chief,1,0,1
pilot,1,0,1
reported,1,1,2
technical,4,2,6
technical problems,2,1,3
requested,1,2,3
return to base,0,1,1
base,0,1,1
en,0,1,1
en route,7,4,11
route,1,0,1
Soewondo,3,0,3
Natuna,3,0,3
crew,3,2,5
crew members,0,1,1
on board,1,2,3
fatalities,10,9,19
continued,0,1,1
reported,1,0,1
death toll,2,0,2
toll,1,1,2
identified,1,1,2
blood sampling,4,2,6
sampling,2,6,8
newspaper,1,0,1
Jakarta,1,0,1
allegations,10,9,19
passengers,1,0,1
aircraft,0,1,1
limited,0,1,1
military,0,1,1
civilian,5,1,6
civilian passengers,1,1,2
passengers,1,0,1
related to military,0,1,1
military personnel,1,0,1
personnel,1,2,3
special circumstances,4,0,4
circumstances,7,9,16
make out,0,1,1
resident,3,3,6
quoted,4,4,8
newspaper,1,0,1
Haveeru Daily,0,1,1
appeared,2,1,3
appeared to be headed,0,1,1
headed,2,4,6
Diego,1,0,1
Diego Garcia,0,1,1
According,1,0,1
Huffington,0,1,1
Haveeru,0,1,1
reported,0,1,1
witnesses,4,3,7
interviewed,9,3,12
authorities,5,2,7
deemed,3,8,11
truthful,0,1,1
Maldive military officials,1,0,1
Malaysian,0,1,1
officials,1,0,1
aircraft,0,2,2
airspace,2,4,6
went missing,0,1,1
missing,0,1,1
monitoring,8,8,16
indication,4,4,8
observed,3,1,4
military radars,3,2,5
radars,1,3,4
Furthermore,4,0,4
data,1,0,1
radars,0,2,2
analysed,10,5,15
indication,4,4,8
said flight,0,1,1
flight,1,0,1
Transport Minister,1,0,1
Hishamuddin,0,1,1
Hishamuddin Hussein,1,1,2
located,0,3,3
fined,4,5,9
posting,0,1,1
photograph,2,0,2
incident,2,1,3
gained,1,3,4
gained international attention,0,1,1
international,3,1,4
international attention,0,1,1
attention,1,0,1
parked,1,1,2
reserved,3,2,5
reserved spot,1,2,3
spot,0,1,1
Petrer,2,1,3
snapped,4,9,13
snapped a photo,1,1,2
caption,0,1,1
bloody,3,0,3
bloody well please,2,1,3
fined,0,1,1
Portillo,0,1,1
spokesperson,4,4,8
vehicle,1,0,1
responding,4,6,10
emergency,3,1,4
reported,1,0,1
internationally,5,3,8
Citizens,1,0,1
Citizens Security law,4,1,5
went into effect,0,1,1
response,1,0,1
violent,2,2,4
violent protests,1,2,3
protests,3,2,5
enactment,10,10,20
widespread,2,5,7
widespread criticism,5,2,7
criticism,5,6,11
NATO,1,0,1
NATO summit,1,1,2
summit,8,6,14
Warsaw,0,1,1
Defence,1,0,1
Macierewicz,2,0,2
ceremony,4,8,12
troops,0,2,2
decades,5,6,11
sometimes,1,0,1
protected civilization,3,0,3
civilization,6,3,9
aggression,10,7,17
attended,1,2,3
ceremony,3,0,3
crossed,0,2,2
crossed in,0,1,1
Operation,1,0,1
Operation Atlantic Resolve,0,2,2
Atlantic,1,0,1
Resolve,5,1,6
deployment,8,9,17
Abrams tanks,1,0,1
Bradley Fighting Vehicles,1,0,1
Vehicles,2,0,2
Paladin,1,0,1
Paladin artillery,2,0,2
artillery,10,7,17
deployment,5,3,8
Cold War,0,2,2
unidentified,7,3,10
unidentified man,0,1,1
summonsed,10,10,20
appear,1,0,1
Maidstone Magistrates,0,1,1
Maidstone Magistrates Court,1,0,1
Magistrates,1,0,1
dangerous driving,0,1,1
injury,2,1,3
dangerous driving,1,0,1
criminal,1,1,2
criminal damage,1,1,2
damage,1,0,1
damaged,1,0,1
nonfatal,7,6,13
nonfatal accident,0,2,2
elderly,0,2,2
elderly motorcyclist,1,0,1
motorcyclist,2,1,3
motorcyclist with broken,0,1,1
ribs,1,2,3
avoiding,2,1,3
tonnes,3,0,3
falling debris,0,2,2
debris,8,9,17
lorries,3,2,5
partially,5,0,5
crushed,0,1,1
collapse,4,2,6
triggered,3,9,12
triggered when a digger,0,1,1
digger,2,5,7
lorry,1,1,2
lorry struck,1,0,1
struck,0,1,1
concrete,4,0,4
investigate,6,3,9
await,2,1,3
probe,0,1,1
probes,1,4,5
deciding,0,2,2
launch,3,2,5
collapse,1,2,3
millions,1,0,1
pounds,1,0,1
"damage, and closed",0,1,1
major route,0,1,1
route,2,1,3
accident,1,0,1
led,0,2,2
discussions,6,3,9
discussions regarding,0,1,1
regarding,1,2,3
suggestion,2,4,6
addition,1,0,1
canopy,7,10,17
cars cockpit,1,0,1
cockpit,9,9,18
controversial,8,3,11
opposed,1,1,2
affecting,1,0,1
aerodynamics,10,10,20
s peripheral,1,0,1
peripheral,5,6,11
peripheral vision,5,2,7
vision,0,1,1
movement,1,0,1
escaping,0,1,1
upside-down,0,1,1
tether,4,6,10
nose cone,0,1,1
cone,0,2,2
Hunter-Reay,0,1,1
mentioned renderings,1,0,1
renderings,6,10,16
renderings developed,1,0,1
boomerang-like,5,4,9
boomerang-like debris-deflector,4,2,6
debris-deflector,6,6,12
positioned,2,1,3
tallest,0,1,1
IndyCar,1,1,2
Newgarden,0,1,1
refuted,7,6,13
refuted the statement,0,1,1
statement,1,0,1
regulation,3,1,4
roll,0,1,1
roll hoop,1,1,2
hoop,0,1,1
activity,0,2,2
Adnan,1,0,1
arrested,3,1,4
arrested reportedly,1,1,2
reportedly,1,3,4
hunger strikes,4,4,8
strikes,2,0,2
lasted,0,1,1
lasted,0,2,2
release,1,2,3
token,4,1,5
token of sympathy,4,1,5
sympathy,6,5,11
remaining,2,1,3
remaining Palestinian detainees,1,0,1
Palestinian detainees,1,1,2
detainees,10,10,20
crashes,2,0,2
Indonesian,1,0,1
crashed,1,5,6
board,0,1,1
Sumatra,1,0,1
according,0,1,1
North Sumatra,1,0,1
Tarigan,1,0,1
Officials,1,0,1
exploded,4,7,11
impact,2,6,8
big fireball,1,0,1
fireball,2,5,7
military,1,0,1
took off,0,2,2
crashed,0,3,3
kilometers,3,0,3
a couple of,0,1,1
decision,4,0,4
challenged,4,3,7
unsuccessfully,7,3,10
High Court,1,0,1
pits,0,6,6
pits the two accused,1,0,1
accused,4,3,7
defend,0,1,1
death penalty,0,1,1
possibility,1,1,2
jeopardising,10,10,20
international,2,0,2
international relations,1,0,1
relations,1,0,1
co-operated,2,0,2
light,0,1,1
confidential,7,7,14
charity,2,1,3
Reprieve,4,4,8
Concerns,1,1,2
conduct,1,0,1
investigation,3,0,3
convictions,7,7,14
raised,0,1,1
defence,3,1,4
defence lawyers,1,0,1
Thailand,0,1,1
judge,0,1,1
assistance,1,2,3
acknowledges,9,5,14
how the accused might structure their defences,1,0,1
accused,3,1,4
structure,1,1,2
defences,1,1,2
evidence,4,4,8
involved,0,2,2
Chan-o-cha,0,1,1
arranged,2,3,5
observer,6,0,6
observer team,1,0,1
Metropolitan,1,0,1
Metropolitan Police,1,0,1
conduct,2,1,3
conduct an inspection,1,0,1
inspection,4,2,6
Thai probe,1,1,2
probe,4,6,10
duly,0,1,1
duly dispatched,2,1,3
dispatched,10,6,16
intent,4,4,8
assisting,1,1,2
assisting the victims,0,1,1
victims,2,1,3
expressly,5,2,7
expressly forbidden,2,2,4
forbidden,5,6,11
ministerial,10,1,11
ministerial level,1,0,1
assistance,1,1,2
authorities,6,2,8
involves,0,1,1
death penalty,0,1,1
penalty,0,1,1
established,2,0,2
foreign,2,0,2
foreign death penalty,0,1,1
penalty,1,1,2
Phyo,1,0,1
seeking,0,3,3
complex,1,0,1
heard,0,1,1
defendants,6,8,14
assist,0,1,1
assist their defence,1,0,1
defence,5,0,5
denied,1,3,4
young surface,0,2,2
surface,2,1,3
current,1,2,3
surface,1,0,1
million,1,0,1
craters,6,9,15
natural satellite,2,1,3
satellite,8,1,9
Charon,0,1,1
mountains,1,0,1
water-ice,3,3,6
space probe,1,0,1
probe,6,8,14
flew,0,1,1
Jupiter,3,0,3
future mission,0,1,1
mission,2,2,4
explore,3,5,8
Kuiper,1,0,1
Kuiper Belt,3,1,4
Bianchi,1,0,1
Bianchi,0,1,1
Nürburgrings,1,1,2
Nürburgrings World Series,2,0,2
Nürburgrings World Series by Renault,1,0,1
Renault,0,1,1
serious,1,0,1
accident,2,1,3
Japanese,1,0,1
Japanese Grand Prix,1,0,1
announced,3,2,5
deep sadness,0,1,1
sadness,0,2,2
Philippe,0,1,1
Christine,0,1,1
Mélanie,1,1,2
passed,1,0,1
passed away,4,2,6
admitted,5,2,7
following,1,0,1
Suzuka Circuit,1,1,2
Circuit,1,0,1
Japanese,0,1,1
Grand Prix,1,0,1
expedited,10,10,20
Burmese,1,0,1
nationals,1,1,2
trial accused,1,0,1
accused,2,4,6
accused of murdering,0,1,1
murdering,1,2,3
Witheridge,1,0,1
defence,5,2,7
defence case,0,1,1
issued,1,1,2
issued its judgement,0,1,1
judgement,6,4,10
following,1,0,1
hearing,1,1,2
victims,3,4,7
murdered,1,0,1
Koh,1,0,1
Tao,1,0,1
Witheridge,1,3,4
raped,1,0,1
attracted,0,1,1
worldwide,1,1,2
worldwide attention,1,0,1
confessing,8,3,11
re-enacting,10,8,18
accused,2,0,2
confessions,5,5,10
tortured,5,6,11
ongoing,2,6,8
trial,1,1,2
intervened,8,9,17
Prayut,2,0,2
Chan-o-cha,1,0,1
basically,3,1,4
diseases,3,4,7
nest,0,1,1
disease,0,1,1
actually,1,1,2
infect,4,4,8
Wikinews,1,1,2
research,2,5,7
research,2,0,2
sources,1,4,5
medicine,1,0,1
evidence,3,6,9
tobacco,5,0,5
bumble,0,3,3
bumble bees,0,1,1
Dalial Freitak,1,0,1
currently running tests,0,1,1
running,0,1,1
running tests,0,1,1
Ph.D,1,1,2
Siiri Fuchs,1,0,1
substances,7,7,14
behaviour,7,7,14
described,2,2,4
species,3,6,9
comparison,5,7,12
species,5,5,10
legislative,8,5,13
legislative leaders,1,0,1
moment,0,1,1
craft,0,3,3
craft legislation,2,3,5
legislation,5,1,6
repeal,3,6,9
corrosive,9,10,19
corrosive elements,3,2,5
elements,1,0,1
Obamacare,0,3,3
individual,2,0,2
individual mandate,1,0,1
mandate,8,5,13
penalties,4,2,6
legislation,5,2,7
reforms,2,3,5
insurance,2,0,2
growing the size of government,1,0,1
government,1,1,2
Vice President-elect,1,1,2
Senator,1,0,1
Cantwell,1,1,2
stealing,2,4,6
stealing health care,0,1,1
filibuster,10,10,20
last-ditch,2,6,8
last-ditch tactic,3,2,5
tactic,3,4,7
opposed,1,1,2
motion,1,2,3
refuse,0,1,1
relinquish,9,10,19
opponents,2,1,3
give in,0,2,2
compromise,4,4,8
Infected,3,2,5
food laced,1,0,1
laced,0,6,6
laced with,0,2,2
toxic,1,4,5
toxic hydrogen peroxide,4,1,5
hydrogen,2,0,2
hydrogen peroxide,7,0,7
peroxide,2,0,2
whereas,3,0,3
Hydrogen,1,0,1
Hydrogen peroxide,2,0,2
infected,2,0,2
fatalities,3,8,11
varied,0,1,1
varied their intake,0,1,1
intake,2,3,5
depending,1,0,1
peroxide,2,0,2
peroxide concentration,1,1,2
concentration,7,0,7
Formica,0,1,1
Formica fusca,5,2,7
fusca,0,2,2
encounter,1,4,5
chemicals,2,0,2
aphids,8,7,15
Independent,1,0,1
self-medicating,5,5,10
Bos,0,1,1
obtained,0,1,1
doctorate,10,2,12
Copenhagen,1,1,2
postdoctoral,10,3,13
postdoctoral research,0,3,3
research,1,1,2
Helsinki,2,1,3
AntyScience,1,4,5
blog,1,0,1
blog,1,0,1
a gap between scientists,0,1,1
gap,0,1,1
scientists,2,0,2
pun,2,4,6
pun referencing,0,1,1
referencing,1,2,3
non-scientific jargon-free communication,1,0,1
non-scientific,1,1,2
jargon-free,5,6,11
jargon-free communication,3,1,4
communication,2,0,2
discusses,0,1,1
Wikinews,1,0,1
attracted,1,0,1
researching,1,0,1
chief,1,0,1
allegations,10,10,20
passengers,4,1,5
AirAsia,1,1,2
crashed,1,2,3
aboard,1,6,7
determined,3,4,7
Nigerian,0,1,1
refugee,5,5,10
refugee camp,2,0,2
mistook,5,6,11
refugees,3,3,6
rebels,3,3,6
military,1,0,1
firing,1,1,2
Rann,1,1,2
Borno State,1,1,2
Dozens,1,1,2
refugees,5,2,7
aid workers,0,1,1
estimate,6,2,8
Médecins,1,1,2
Médecins Sans Frontières,2,0,2
Sans Frontières,0,1,1
Frontières,1,0,1
estimates,1,1,2
Borno,1,1,2
attributed,10,9,19
AP,1,0,1
wounded,2,5,7
injured,3,3,6
relations,1,0,1
strained,8,10,18
expelled,5,6,11
diplomats,7,2,9
accused,2,1,3
espionage,10,10,20
sanctioned,10,3,13
intelligence,1,0,1
intelligence agencies,1,0,1
agencies,1,0,1
issued,0,1,1
concluded,3,2,5
hacked,2,6,8
hacked servers,1,1,2
parties,1,0,1
presidential,1,0,1
presidential election,1,0,1
president-elect,1,0,1
indicated,2,1,3
ties,1,2,3
capable,1,1,2
combat-ready,4,2,6
US armoured brigade,0,1,1
armoured,5,2,7
armoured brigade,3,2,5
brigade,4,2,6
equipment,0,2,2
weaponry,5,8,13
ambassador,3,2,5
ceremony,2,2,4
iron-clad,4,4,8
iron-clad commitment,1,1,2
commitment,1,2,3
NATO treaty obligation,1,0,1
treaty obligation,1,0,1
obligation,4,6,10
NATO allies,1,2,3
refused,2,0,2
return wreckage,0,1,1
wreckage,10,10,20
encouraging,1,2,3
encouraging conspiracy,2,0,2
encouraging conspiracy theories,1,1,2
conspiracy,7,5,12
conspiracy theories,3,2,5
theories,3,0,3
in response to,0,1,1
vanishing,7,8,15
vanishing investigatory findings,1,2,3
investigatory,4,2,6
investigatory findings,1,0,1
tension,3,0,3
mounted,3,2,5
deployed,7,6,13
missiles,1,0,1
Kalingrad,1,0,1
enclave,6,5,11
territory,0,2,2
lying,0,1,1
nuclear-capable,8,2,10
Iskanders,2,1,3
anti-ship,2,1,3
anti-ship Bastion,1,0,1
anti-ship Bastion equipment,1,0,1
Bastion equipment,1,0,1
equipment,2,0,2
deployments,6,4,10
troops,0,1,1
rotate,1,0,1
host,0,1,1
rotation,3,0,3
treaty,5,4,9
permanent,3,0,3
deployment,3,3,6
particular,3,0,3
territory,4,1,5
potential,3,4,7
potential thaw,1,2,3
thaw,7,5,12
According,1,0,1
According to,1,0,1
resorts,1,0,1
pieces,0,1,1
debris,10,10,20
disposed,7,7,14
debris,3,2,5
trash,1,2,3
buoys,10,6,16
suspected,3,1,4
suspected military,1,0,1
suspected military waste,1,3,4
wash up,0,1,1
especially,1,2,3
monsoon,9,3,12
monsoon season,2,1,3
residents,1,0,1
resort,1,0,1
regularly,1,0,1
trash,1,0,1
garbage,1,5,6
garbage island,0,1,1
Thilafushi,3,0,3
sorted,2,4,6
exported,3,2,5
exported for recycling,1,0,1
recycling,4,4,8
debris,1,1,2
suspected,2,1,3
Thilafushi,2,0,2
inch,0,1,1
resort,2,1,3
Birther King,1,1,2
Birther,2,1,3
announces,1,0,1
campaign,2,3,5
a perennial,1,0,1
perennial,9,7,16
perennial candidate,3,3,6
candidate,0,1,1
self-proclaimed,5,7,12
self-proclaimed Birther King,0,1,1
seeking,0,2,2
presidential nomination,1,1,2
nomination,2,3,5
fourth bid,1,0,1
bid,0,4,4
announcement,1,1,2
subsequent,9,9,18
subsequent release,1,2,3
expresses,0,3,3
participate,1,0,1
presidential,1,0,1
debates,1,3,4
aligns,7,7,14
fellow,0,1,1
candidate,0,1,1
Additionally,0,1,1
outlines,0,1,1
degrading,8,9,17
degrading the candidacy,1,1,2
candidacy,4,7,11
Republican,0,1,1
nomination,4,0,4
Republican,1,0,1
announcement,2,1,3
loyal,2,0,2
principles,1,1,2
necessarily,3,2,5
loyal,0,1,1
failed leaders,0,1,1
fired artillery,1,0,1
artillery,6,7,13
artillery rounds,1,1,2
rounds,0,1,1
rounds aimed,0,1,1
aimed,0,1,1
loudspeaker,4,4,8
broadcasts,0,4,4
anti-Pyongyang,3,0,3
anti-Pyongyang propaganda,2,2,4
propaganda,9,6,15
Commanders,1,0,1
hastily,4,5,9
hastily dispatched,2,3,5
dispatched,4,1,5
front-line,1,0,1
destroy,1,0,1
psychological,6,2,8
psychological warfare,3,2,5
psychological warfare tools,0,2,2
warfare,0,2,2
enemy,1,0,1
propaganda,4,0,4
propaganda broadcast,0,1,1
counteractions,10,10,20
injuries,1,0,1
attacks,0,1,1
evacuated,5,8,13
Yeoncheon,2,2,4
shell,2,3,5
landed,0,1,1
The South retaliated,0,1,1
retaliated,7,8,15
rounds of artillery,1,0,1
artillery,3,1,4
broadcast,1,0,1
propaganda,3,2,5
loudspeakers,2,3,5
lull,1,2,3
ruled,0,2,2
ruled the pair,0,1,1
in principal,1,0,1
principal,4,0,4
perfectly,0,2,2
perfectly proper right,1,0,1
proper,1,0,1
seek access,0,1,1
access,0,1,1
purpose,0,2,2
subsequently,10,9,19
defence,4,1,5
criminal,1,0,1
criminal proceedings,5,1,6
proceedings,3,6,9
fundamental,5,3,8
fundamental rights,4,2,6
Curling,0,1,1
represented,4,1,5
appeal,3,4,7
Phyo,0,1,1
disappointed,4,2,6
reassured,1,10,11
information,1,1,2
Metropolitan,1,1,2
applying anxious scrutiny,1,0,1
anxious,2,2,4
anxious scrutiny,3,1,4
scrutiny,7,6,13
determined,1,2,3
ongoing,0,6,6
proceedings,1,1,2
contacted,1,1,2
Metropolitan,1,0,1
responsible,1,1,2
policing,1,0,1
statement,0,1,1
awaiting,2,3,5
response,0,1,1
Supreme Court,1,0,1
due,0,1,1
deliver,0,3,3
decision,4,0,4
challenging,5,6,11
issue,0,1,1
issue Article,1,0,1
Article,1,1,2
Brexit,1,0,1
Brexit negotiations—without,1,0,1
consultation,10,5,15
consultation of Parliament,1,0,1
Parliament,4,0,4
Polish PM Beata Szydło,1,0,1
Polish Prime Minister Beata Szydło,1,0,1
headed,3,3,6
ceremony,4,3,7
Żagań,1,0,1
troops,0,2,2
region,1,0,1
response,3,2,5
arriving,1,0,1
duty,1,1,2
government,1,1,2
provide,1,1,2
provide security,0,1,1
security,4,0,4
big step,1,0,1
direction,1,1,2
Outgoing,1,5,6
authorised,10,5,15
intervention,10,7,17
Crimea was annexed,1,0,1
annexed,10,10,20
The Social and Popular Assembly,1,0,1
Social,1,0,1
Assembly,5,1,6
protests,1,2,3
recent,1,0,1
allege,7,3,10
allege violations,3,1,4
violations,6,5,11
electoral,6,0,6
electoral law,1,0,1
electoral,5,0,5
electoral commission crackdown,2,0,2
commission,3,0,3
commission crackdown,2,0,2
crackdown,2,10,12
organisation,2,0,2
Campesino,3,2,5
delay,0,1,1
reformed,2,5,7
constitution,6,0,6
accused,0,1,1
conspiring,10,6,16
conspiring to corruptly divert,1,0,1
corruptly,6,3,9
corruptly divert,2,2,4
divert,4,3,7
denies,1,1,2
misconduct,8,7,15
alleged,3,3,6
alleged shooter,0,1,1
commits,1,1,2
suicide,1,3,4
crew,1,0,1
Roanoke,1,0,1
suspect,0,1,1
manhunt,6,9,15
authorities,2,1,3
conducting,1,2,3
interview,1,0,1
gunman,1,1,2
approximately,6,4,10
under-represented,9,8,17
education,1,0,1
suffering,2,2,4
regional,1,0,1
regional economic downturn,4,1,5
economic,3,0,3
economic downturn,1,2,3
downturn,3,8,11
Amongst,3,2,5
violence,2,1,3
resolved,3,3,6
televised,1,1,2
televised broadcast,2,1,3
broadcast,1,3,4
previously,4,1,5
Chief Minister,1,0,1
sectarian,10,8,18
sectarian violence,1,3,4
violence,2,1,3
resulted,0,1,1
thousand,1,0,1
Hungarian,0,1,1
lorry,3,2,5
articles,0,1,1
Austria,0,1,1
Portal,0,2,2
foreign,4,1,5
suspicion,6,7,13
smuggling,10,10,20
prohibits,9,10,19
unauthorized,9,9,18
jeopardize,10,10,20
cited,1,3,4
spokesperson,3,6,9
Portillo,0,1,1
involved,0,1,1
preferred,3,4,7
solution,2,1,3
legal,0,1,1
legal right,0,1,1
impose,3,5,8
impose the fine,1,0,1
Portillo,1,0,1
impugned,10,10,20
sense of honor,0,1,1
Explosion,2,4,6
hunt,0,3,3
responsible,2,1,3
authorities,2,1,3
searching,1,0,1
backpack,2,4,6
pipe-bomb,2,3,5
exploded,4,4,8
Erawan,1,0,1
Shrine,0,1,1
Bethany,0,1,1
intensive,9,4,13
intensive care,0,1,1
intensive care unit,2,1,3
declared,4,4,8
According to,0,1,1
Bethany,0,1,1
waited,0,1,1
arrival,1,0,1
Meghalaya,0,2,2
Meghalaya chief minister V. Shanmuganathan,1,0,1
minister,1,0,1
Shanmuganathan,1,1,2
announcing,2,3,5
home secretary,3,1,4
government,1,0,1
declare,0,4,4
national mourning,2,1,3
mourning,4,10,14
Rajnath Singh,0,1,1
tweeted,4,4,8
inspiration,8,4,12
entire generation,0,1,1
generation,7,1,8
presidential,0,2,2
completed,0,1,1
challenges,0,5,5
debate,1,2,3
debate exclusion,2,0,2
exclusion,8,3,11
presidential candidate,0,1,1
candidate,1,0,1
commissioner,7,2,9
commissioner of the Internal Revenue Service,1,0,1
Internal Revenue Service,1,0,1
Internal Revenue Service (IRS,1,0,1
Revenue,2,0,2
filed,0,1,1
complaint,2,1,3
Federal,0,1,1
Federal Election Commission,5,0,5
Election,1,0,1
Election Commission,1,0,1
challenge,0,2,2
challenge his exclusion,1,0,1
exclusion,2,6,8
Republican,1,0,1
Republican Party,1,0,1
presidential,2,0,2
presidential debate,0,1,1
debate,1,4,5
claims,1,1,2
Everson,0,1,1
meet the criteria,1,0,1
criteria,7,7,14
established,8,2,10
debates,1,3,4
seventeen candidates,1,0,1
candidates,1,1,2
criteria,3,0,3
consistently,8,9,17
recognized opinion polls,1,0,1
recognized,3,5,8
opinion,2,0,2
opinion polls,0,1,1
polls,0,2,2
prime-time,1,5,6
prime-time event,1,1,2
features,1,1,2
average,1,0,1
average polling,0,1,1
average polling percentage,2,0,2
polling,1,1,2
percentage,2,1,3
participate,3,1,4
separate,1,0,1
debate,1,0,1
prime time event,0,1,1
complaint,3,1,4
Everson,0,1,1
urges,2,1,3
compel,3,3,6
Fox News,1,0,1
second tier,1,0,1
second tier debate,2,1,3
tier,3,1,4
eighth participant,1,0,1
participant,4,0,4
argues,1,1,2
violation,3,1,4
structure[d] the debates,1,0,1
debates,0,1,1
candidate,2,0,2
criteria,2,0,2
criteria that replaced,0,1,1
pre-existing,7,2,9
percent polling,0,1,1
polling,1,0,1
polling threshold,1,1,2
threshold,7,4,11
threshold admitting,1,0,1
consistently,3,3,6
recognized polls,1,0,1
recognized,4,2,6
Brexit,4,3,7
rules out,0,4,4
single market,1,0,1
single market membership,0,3,3
market,1,0,1
membership,1,0,1
announced,2,2,4
governments,1,0,1
proceed,2,3,5
Brexit,2,0,2
stated,0,1,1
government,1,0,1
seek,0,1,1
single market,0,2,2
instead,0,3,3
seek,2,1,3
trade,0,1,1
trade relationship,0,2,2
relationship,2,0,2
government,1,0,1
seek,0,1,1
seek access,0,1,1
access,4,0,4
single market,0,1,1
retaining,10,9,19
formal,0,1,1
membership,1,0,1
stressed,2,6,8
need for friendliness,0,1,1
friendliness,5,2,7
EU,1,0,1
control immigration,1,1,2
immigration,10,6,16
require,1,0,1
bound,3,6,9
bound by decisions,0,2,2
decisions,3,1,4
European,1,0,1
European Court of Justice,1,0,1
Court,1,0,1
Justice,2,0,2
preventing,1,2,3
gaining,0,1,1
Republican nomination,3,0,3
nomination,10,3,13
intends,0,3,3
focus,2,1,3
campaign,4,4,8
protecting,1,0,1
prestige,9,7,16
Hampshire,0,1,1
Primary,2,0,2
Caucus,4,2,6
defending the economic legacy,1,0,1
economic legacy,2,1,3
legacy,3,5,8
Alexander Hamilton,0,1,1
combating,2,6,8
combating political correctness,1,1,2
political correctness,1,0,1
correctness,1,0,1
emphasizing,7,5,12
relations,1,0,1
political,1,0,1
political corruption,0,2,2
corruption,4,4,8
filed paperwork,0,1,1
paperwork,0,4,4
Federal,1,0,1
run for,1,0,1
officially,0,1,1
presidential,1,2,3
presidential candidates,1,0,1
likewise,2,4,6
Rape-accused,2,2,4
Pyotr Pavlensky,1,1,2
seek asylum,0,1,1
asylum,5,5,10
controversial,10,8,18
political,1,0,1
political asylum,0,2,2
asylum,6,2,8
Oksana Shalygina,0,1,1
Shalygina,1,0,1
falsely,1,1,2
falsely accused,1,1,2
accused,1,3,4
Criminal,1,0,1
Criminal law,0,1,1
rape,1,0,1
Presidential,1,0,1
Presidential spokesperson,1,0,1
spokesperson,6,7,13
Dmitry,0,1,1
Dmitry Peskov,1,1,2
echoed,4,6,10
echoed Putin,0,1,1
troops,0,3,3
threat,2,1,3
threaten,4,8,12
threaten our interests,1,0,1
Especially,3,0,3
concerns,1,3,4
third party,1,0,1
military,1,0,1
military presence,2,0,2
presence,3,1,4
borders,0,1,1
European state,1,0,1
Ties,0,2,2
strained,4,10,14
expelled,2,6,8
diplomats,4,4,8
diplomats accused,2,0,2
accused,2,1,3
espionage,10,10,20
sanctioned,9,5,14
intelligence,4,0,4
intelligence agencies,1,1,2
response,0,1,1
hacked,5,6,11
hacked servers,0,1,1
servers,1,0,1
Republican,1,1,2
Democratic parties,0,1,1
presidential,0,1,1
president-elect,2,0,2
president-elect Donald,0,1,1
Szydło,1,2,3
Poland,0,1,1
suffered,5,3,8
suffered a decline,0,1,1
decline,4,4,8
opinion’s,1,0,1
showy,0,2,2
showy profundities,1,0,1
profundities,10,10,20
profoundly,1,3,4
profoundly incoherent,10,3,13
incoherent,5,8,13
decision,1,0,1
wave,0,1,1
rainbow flag,0,1,1
court,0,1,1
court plaza,1,0,1
plaza,1,0,1
Demonstrators,10,4,14
court,0,1,1
chanted,1,5,6
legalise,10,4,14
legalise same-sex,1,0,1
same-sex marriage,2,0,2
marriage,1,0,1
responded,1,2,3
decision,1,0,1
uncertain,3,2,5
uncertain terms,0,1,1
union,1,0,1
introduced,0,1,1
profile,1,1,2
profile picture,1,0,1
victory,2,0,2
Zuckerberg,1,0,1
community,4,1,5
recognized,10,2,12
equal couples,1,0,1
argues,2,3,5
his exclusion,1,0,1
exclusion,8,6,14
exclusion violates,1,1,2
violates,3,2,5
U.S. Code of Federal Regulations,1,0,1
Federal,0,1,1
Federal Regulations,0,1,1
Regulations,1,1,2
debate,1,2,3
structure,0,2,2
debates,1,0,1
promote,1,0,1
advance,0,1,1
advance one candidate over another,1,0,1
candidate,2,0,2
pre-established,3,3,6
pre-established objective criteria,3,0,3
objective,1,2,3
objective criteria,1,2,3
criteria,4,4,8
determine,1,1,2
candidates,1,0,1
participate,1,1,2
debate,0,1,1
Commissioner,2,1,3
IRS,1,0,1
administration,4,1,5
departure,2,3,5
cabinet,2,0,2
governor,1,0,1
Mitch Daniels,0,1,1
tax consulting,1,1,2
consulting,3,1,4
firm,0,1,1
alliantgroup,6,5,11
announced,2,1,3
candidacy,6,5,11
outlined,0,3,3
pillars,2,2,4
campaign,1,0,1
amnesty,10,3,13
amnesty for illegal immigrants,2,1,3
illegal immigrants,0,1,1
immigrants,2,4,6
reinstatement,7,10,17
reinstatement of the military draft,1,1,2
draft,0,3,3
presidential,0,1,1
tax reform,0,1,1
reform,0,1,1
deficit,6,4,10
deficit reduction,2,1,3
corporate,1,1,2
responsibility,0,1,1
shrine,6,9,15
popular attraction,1,1,2
attraction,3,2,5
Thailands capital,0,1,1
including,0,2,2
foreigners,4,2,6
reported,0,2,2
upwards,0,2,2
injured,0,1,1
blast,0,2,2
blast occurred,1,0,1
occurred,1,1,2
approximately,8,3,11
Bangkok,0,1,1
flooded,2,5,7
pedestrian,8,9,17
pedestrian activity,1,1,2
Authorities,1,2,3
suspect,2,1,3
assisted,1,0,1
political unrest,2,1,3
unrest,1,7,8
explosion,4,2,6
Thai baht,1,1,2
Thai baht hit,1,0,1
baht,1,2,3
Defence,1,1,2
Defence Minister,1,0,1
Prawit Wonguwan,0,2,2
Reuters,0,2,2
a deliberate,1,0,1
deliberate,9,8,17
deliberate attack,1,0,1
economy,2,0,2
tourism,1,0,1
tourism industry,1,0,1
authorities,1,0,1
Muslim insurgents,2,0,2
insurgents,10,5,15
southern provinces,0,1,1
provinces,2,1,3
Wikinews,0,1,1
Wikinews interviews,0,1,1
Republican Party,1,0,1
candidate,0,1,1
U.S. Commissioner of Internal Revenue,1,0,1
Commissioner,0,1,1
Commissioner of Internal Revenue,1,0,1
Internal Revenue,0,1,1
Revenue,2,0,2
Wikinews,1,0,1
campaign,2,5,7
Republican,1,0,1
presidential nomination,0,1,1
nomination,4,2,6
Amazonas,0,1,1
prison,0,1,1
prison riot,0,2,2
riot,2,3,5
inmates,2,4,6
whom,1,0,1
beheaded,9,10,19
beheaded and dismembered,1,0,1
dismembered,10,10,20
Roraima,0,2,2
riot,1,0,1
disembowelled,10,10,20
wake,1,0,1
riots,2,1,3
Michel Temer,0,1,1
Reuters,0,1,1
joint cooperation,0,1,1
cooperation,1,0,1
federal,2,1,3
maximum security,2,0,2
security prisons,0,1,1
house,0,1,1
violent,3,0,3
violent convicts,1,2,3
convicts,4,3,7
intelligence,3,0,3
counter,0,2,2
influence,3,1,4
powerful inmates,1,0,1
inmates,2,2,4
Temer,0,1,1
announced,0,1,1
Brazilian,0,1,1
Brazilian reals,1,0,1
budget,2,0,2
activists,4,0,4
skeptical,10,9,19
we basically put colonies,1,0,1
basically,1,5,6
colonies,10,4,14
diet,1,0,1
afterwards,0,4,4
infected,4,4,8
data,1,0,1
so-called,2,3,5
so-called survival analysis,1,0,1
survival,0,3,3
survival analysis,2,3,5
analysis,7,2,9
measured,0,2,2
ROS-concentration,7,3,10
ingested,5,9,14
using a spectrophotometer,1,0,1
spectrophotometer,10,8,18
chemicals,2,0,2
emission,7,5,12
emission of light of a certain wave-length,1,0,1
wave-length,2,3,5
detrimental,8,9,17
detrimental effect,0,2,2
ROS,2,0,2
spores,4,3,7
concentrations,3,3,6
ROS,1,0,1
spores,2,1,3
plated,0,3,3
plated them out on petridishes,1,0,1
petridishes,10,10,20
agar-solution,8,4,12
fungus,4,4,8
Tumblr,0,1,1
tweeted,8,2,10
hashtag,6,5,11
projected,5,3,8
decision,1,0,1
Palestinian,3,1,4
prisoner,1,0,1
Khader Adnan,0,1,1
hunger strike,2,2,4
released,3,1,4
Palestinian,2,0,2
Palestinian Islamic Jihad,2,0,2
Islamic,1,0,1
Islamic Jihad,0,1,1
Jihad,1,0,1
movement,1,0,1
media,1,0,1
Adnan,0,1,1
ceased,5,6,11
achieving,4,3,7
agreement,1,0,1
entailing,6,9,15
administrative,5,1,6
administrative detention,4,1,5
detention,6,4,10
lasted,0,1,1
mortal,4,4,8
mortal danger,1,1,2
severe,2,0,2
severe deterioration,1,1,2
deterioration,10,9,19
hospitalize,7,1,8
Assaf Harofe,0,1,1
Jawd Boulos,0,1,1
released,1,0,1
yesterdays,0,1,1
ruled,0,1,1
ruled out,0,4,4
membership,1,1,2
customs,1,0,1
customs union,3,1,4
union,1,0,1
prevented,0,1,1
negotiating,10,10,20
negotiating trade deals,1,0,1
deals,0,1,1
non-EU countries,1,0,1
Theresa,0,1,1
contributions,4,6,10
EU budget,1,0,1
budget,1,0,1
cease,3,7,10
contributions,6,1,7
pan-European,3,1,4
pan-European schemes,3,2,5
schemes,4,3,7
vast,1,2,3
vast contributions,0,2,2
contributions,3,0,3
legal status,1,2,3
abroad,1,2,3
guarantee,4,6,10
sought,1,1,2
sought reciprocity,0,1,1
reciprocity,10,8,18
Exiting,3,3,6
echoed,1,6,7
Parliament,3,2,5
Houses of Parliament,1,0,1
Parliament,0,1,1
economy,5,0,5
unemployment,8,4,12
unemployment rate,0,2,2
remains,1,0,1
remains steady,0,1,1
steady,0,3,3
Bureau,2,1,3
Bureau of Labor Statistics,1,0,1
Statistics,1,1,2
growth,1,0,1
averaged,3,2,5
Continuing,0,1,1
a trend,1,0,1
trend,2,4,6
steady,3,3,6
steady employment growth,0,1,1
employment,1,1,2
economy,1,1,2
Statistics,3,0,3
unemployment,0,1,1
remained,0,1,1
unchanged,0,1,1
quite strong,1,0,1
Jim OSullivan,0,1,1
chief,2,0,2
economist,7,3,10
Economics,0,1,1
data,1,0,1
data analysis,1,1,2
data analysis firm,2,1,3
analysis,5,2,7
firm,1,0,1
pace,1,1,2
employment growth,1,0,1
trending,1,5,6
trending down,1,1,2
earnings,2,1,3
rose,0,1,1
rebound,9,7,16
stalled,3,7,10
Wages,1,1,2
Federal,0,1,1
Federal Reserve,1,0,1
annual,2,1,3
annual wage growth,2,0,2
wage,0,1,1
underlying,9,7,16
underlying rate,0,1,1
underlying rate of inflation,1,0,1
inflation,8,7,15
border,1,0,1
migrants,7,9,16
"Afghanistan, Syria, and Bangladesh",1,0,1
Syria,0,1,1
Biologist,5,1,6
Biologist Nick Bos,0,1,1
Wikinews,1,0,1
self-medicating,7,1,8
ants,0,1,1
University of Helsinki,1,0,1
Helsinki,0,1,1
amazing adaptations,1,1,2
adaptations,9,9,18
social insects,1,2,3
evolved,2,3,5
extreme,1,0,1
extreme parasite pressure,0,1,1
parasite,9,5,14
parasite pressure,1,2,3
experience,0,1,1
recently-accepted,1,1,2
Evolution,4,2,6
colleagues,4,3,7
ants,0,1,1
appearing,1,0,1
self-medicate,3,3,6
documented,3,4,7
Formica,1,0,1
Formica fusca,2,1,3
fusca,1,1,2
ant,0,1,1
species,1,0,1
thousand-strong,1,3,4
colonies,4,1,5
aphid,6,2,8
aphid honeydew,2,3,5
honeydew,0,2,2
nests,0,2,2
tree stumps,1,1,2
stumps,2,4,6
foraging,6,6,12
foraging workers,1,2,3
spotted,0,6,6
ants,0,1,1
Beauveria bassiana,4,1,5
bassiana,0,1,1
a fungus,1,0,1
fungus,6,1,7
troops,0,2,2
threat,2,2,4
yesterday,0,1,1
indicated,4,4,8
a threat,1,1,2
threat,1,3,4
deployment,10,10,20
Operation,1,0,1
Operation Atlantic Resolve,1,2,3
Resolve,3,1,4
quarter,2,2,4
troops,1,0,1
earmarked,8,10,18
Humvees,8,3,11
based,1,0,1
Żagań,2,0,2
Polish Prime Minister,1,0,1
Prime Minister,1,0,1
Defence Minister,1,0,1
Macierewicz,1,0,1
scheduled,4,3,7
ceremonially,10,9,19
tomorrow,0,1,1
deployment,3,4,7
Abrams tanks,0,1,1
Bradley Fighting Vehicles,1,1,2
Vehicles,1,0,1
Paladin,1,0,1
Paladin artillery,2,2,4
artillery,9,7,16
deployment,4,2,6
Cold War,1,2,3
Justice,0,1,1
state-run,3,3,6
news outlet,1,0,1
outlet,2,1,3
Agência,1,0,1
Agência Brasil,1,0,1
riot,3,8,11
continued,0,1,1
security,1,0,1
security forces,1,0,1
security forces quelled,1,0,1
quelled,10,10,20
riot,0,2,2
Presse,1,0,1
Janeiro,2,0,2
gang,0,2,2
gang members,1,0,1
Primeiro,2,1,3
Primeiro Comando da Capital,1,0,1
Comando Vermelho,2,0,2
Vermelho,1,0,1
riots,0,1,1
participants,3,1,4
participants,2,1,3
Sindicato do Crime,1,0,1
had been housed,0,1,1
housed,1,3,4
separate,1,2,3
prison,1,1,2
ringleaders,10,10,20
captured,2,5,7
facilities,4,5,9
riots,0,1,1
overcrowding,10,9,19
contributed,3,4,7
riot,0,1,1
department,1,0,1
Alcaçuz,1,1,2
inmates,3,6,9
capacity,3,1,4
Bundesliga,3,1,4
Bundesliga titles,1,1,2
titles,2,0,2
DFB-Pokal,0,1,1
DFB-Pokal titles,1,1,2
titles,1,2,3
scored,1,1,2
winning,0,1,1
winning goal,0,2,2
goal,1,0,1
UEFA Champions League,1,0,1
Champions League,1,0,1
League,4,1,5
Wembley Stadium,1,0,1
Bayerns,1,0,1
arch,2,0,2
arch rivals,5,6,11
rivals,1,2,3
Borussia Dortmund,1,0,1
signing,1,1,2
contract,1,3,4
playing,0,1,1
further year,0,1,1
club,0,1,1
Munich,1,0,1
second home,0,1,1
continue,1,1,2
highest level,0,1,1
trophies,9,6,15
announced,2,3,5
announced signings,0,1,1
signings,2,4,6
Niklas Süle,1,0,1
Hoffenheim,2,0,2
squad,3,4,7
squad in,1,0,1
internationals,6,1,7
penned,6,10,16
respectively,10,5,15
Bianchi,1,0,1
Bianchi familys second driver death,1,0,1
driver death,1,0,1
Le Mans,1,0,1
great uncle,2,0,2
testing at Circuit,1,0,1
Circuit,2,0,2
Circuit de la Sarthe,4,0,4
Sarthe,2,0,2
Le Mans,1,0,1
Le Mans race,1,0,1
held,0,2,2
condolences,10,10,20
social media,2,1,3
Marussia,1,1,2
team mate,1,0,1
mate,0,1,1
tweeted,5,3,8
describe,0,1,1
pleasure,2,1,3
pleasure knowing,0,1,1
knowing and racing you,1,0,1
Portrait,5,4,9
president,1,0,1
Missile,0,1,1
Missile Man,3,0,3
Missile Man of India,1,0,1
former,0,1,1
collapsing,10,10,20
collapsing at,1,0,1
delivering,6,5,11
delivering a speech,0,1,1
speech,0,1,1
Livable,2,0,2
Livable Planet Earth,1,0,1
Indian Institute of Management Shillong,2,0,2
Institute,1,0,1
Institute of Management,1,0,1
Institute of Management Shillong,1,0,1
"Management Shillong, in Meghalaya, India",1,0,1
Meghalaya,1,0,1
wrapped,3,9,12
wrapped himself,0,1,1
half naked,1,0,1
cocoon,10,6,16
barbed,2,8,10
barbed wire,5,1,6
following,1,0,1
chopped,2,2,4
chopped off,0,4,4
ear lobe,1,0,1
lobe,0,2,2
nude,2,2,4
labelling,3,2,5
Segregation,10,9,19
returning,1,0,1
Pavlensky,1,2,3
lamb to the slaughter,1,0,1
slaughter,10,9,19
especially,1,1,2
slaughter,4,3,7
desired,0,1,1
Oksana,0,1,1
liable,7,4,11
sentenced,2,3,5
guilty,5,3,8
fined,0,1,1
Gag Law,1,2,3
vehicle,0,1,1
handicapped,8,3,11
handicapped bay,0,2,2
Petrer,0,1,1
license,4,1,5
fined,0,1,1
posting,0,1,1
photograph,1,0,1
vehicle,1,1,2
reserved,3,1,4
disabled/handicapped,4,0,4
Eventually,4,4,8
incidents,8,3,11
anger,0,1,1
fore,5,5,10
dismissed,5,6,11
appeared,1,1,2
captured,4,3,7
Twitter and Facebook pages,1,0,1
afterwards,3,3,6
dozens,0,1,1
lorry,3,2,5
lorry  To,1,0,1
articles,0,1,1
Portal,0,1,1
Portal  Flag,2,0,2
Austria.svg,1,0,1
Parndorf,2,1,3
lorry,6,1,7
estimated,3,5,8
decomposing,5,5,10
decomposing corpses,6,3,9
corpses,2,4,6
apparently,5,3,8
apparently abandoned,2,3,5
apparently abandoned lorry,1,0,1
abandoned,6,5,11
lorry,4,1,5
Roadworkers,3,2,5
spotted,0,3,3
vehicle,1,0,1
yesterday,1,0,1
alerted,0,3,3
Responding,4,1,5
corpses,2,3,5
researchers,2,1,3
amygdala,10,8,18
hunting,0,1,1
biting,1,1,2
biting behavior,1,0,1
jawed,0,3,3
jawed vertebrates,3,2,5
vertebrates,10,4,14
experiments,5,0,5
funded,0,2,2
organizations,5,1,6
inspired,3,1,4
inspired comparisons,1,1,2
comparisons,0,1,1
research,1,0,1
zombies,4,5,9
Walking Dead,0,1,1
especially,1,0,1
behavior,2,0,2
pronounced,7,4,11
subjects,0,1,1
mice,1,1,2
stimulating,6,5,11
stimulating predatory,3,0,3
stimulating predatory behavior,0,1,1
predatory,8,4,12
predatory behavior,0,2,2
specifically,5,0,5
aggressive,4,4,8
laser,1,0,1
resembled,5,6,11
motorway,1,1,2
motorway bridge,0,1,1
collapse,2,2,4
indicated,1,3,4
charged,0,1,1
collapse,4,0,4
pedestrian,9,5,14
pedestrian bridge,0,2,2
motorway,0,1,1
counted,0,1,1
spores,7,10,17
reliable,2,8,10
reliable,4,3,7
colonies,6,6,12
containing,1,0,1
conducted,4,5,9
conducted the experiment blind,1,0,1
experiment,2,1,3
experiment blind,0,1,1
blind,1,2,3
experimenter,4,4,8
treatment,1,0,1
impossible,1,0,1
influence,3,5,8
observer bias,7,7,14
bias,4,4,8
proof,0,2,2
species,2,3,5
extrapolate,10,10,20
ants,0,1,1
lead,0,1,1
fungus,3,4,7
Slovak,2,2,4
Hyza,1,1,2
previously,2,2,4
Wikinews,2,0,2
the lorry,0,1,1
lorry,5,3,8
changed,0,1,1
changed hands,1,0,1
roughly,2,4,6
exported,9,1,10
bears,0,2,2
Hungarian,1,0,1
features,2,3,5
branding,3,4,7
including,1,1,2
discovery,2,0,2
removed,0,1,1
graphic,5,2,7
graphic from their homepage,1,0,1
homepage,0,2,2
featuring,2,0,2
chicken stowaways,0,1,1
stowaways,9,9,18
inspected,3,2,5
customs,2,2,4
stowaways,6,3,9
appeared,1,1,2
alongside,1,2,3
imigranti,8,4,12
migrants,3,4,7
lorry,1,1,2
Braunau,1,1,2
refused,0,2,2
arrested,0,1,1
chase,0,1,1
hospitalised,8,2,10
severe,2,0,2
severe dehydration,2,1,3
dehydration,10,9,19
served,1,2,3
Commissioner,4,2,6
Commissioner of Internal Revenue,1,0,1
Internal,1,0,1
Internal Revenue,2,2,4
Revenue,3,2,5
administrative,8,2,10
Internal Revenue Service,1,0,1
Internal Revenue Service (IRS,0,1,1
administration,3,2,5
departure,7,7,14
briefly,1,3,4
cabinet,5,3,8
Indiana governor,1,0,1
Mitch Daniels,0,1,1
tax consulting firm,1,1,2
tax consulting firm alliantgroup,1,0,1
consulting,6,2,8
alliantgroup,6,2,8
announced,2,1,3
candidacy,7,7,14
outlined,0,5,5
pillars,5,2,7
campaign,2,1,3
amnesty,10,3,13
illegal,1,0,1
illegal immigrants,0,2,2
immigrants,6,5,11
reinstatement,10,10,20
reinstatement of the military draft,0,1,1
draft,1,4,5
presidential term,0,1,1
tax reform,0,1,1
deficit,5,2,7
deficit reduction,0,4,4
corporate responsibility,0,3,3
responsibility,0,1,1
excluded,3,2,5
presidential,1,1,2
debate,0,2,2
excluded,3,1,4
polls,0,1,1
appointed,10,5,15
position,1,1,2
Choe,0,1,1
involved,3,3,6
trade talks,2,1,3
talks,1,0,1
Koreas,0,1,1
attended,1,2,3
Kaesong,1,1,2
Kaesong Industrial Region,1,0,1
Industrial,2,1,3
joint,1,0,1
joint venture,5,5,10
venture,6,3,9
South Koreas,0,1,1
Ministry of Unification,1,0,1
Unification,2,4,6
Reuters,1,3,4
monitoring,7,5,12
publicly,3,1,4
South Koreas,0,1,1
executions,5,9,14
officials,0,1,1
including,0,1,1
forestry official,1,1,2
forestry,7,3,10
Choe Yong-gon,0,1,1
mentioned,2,2,4
referring,2,3,5
Yonhap,1,1,2
attributed,8,7,15
attributed roughly,1,0,1
roughly,0,4,4
executions,7,0,7
troops,1,0,1
are set to,0,1,1
rotate,3,3,6
rotate around,1,0,1
region,3,0,3
planned,0,1,1
host,2,4,6
nations,1,0,1
Estonia,1,1,2
"Estonia, Latvia, Lithuania, Romania, Bulgaria",1,0,1
Latvia,1,1,2
Lithuania,1,1,2
Romania,0,1,1
Bulgaria,0,1,1
Hungary,1,0,1
rotation,1,0,1
treaty,6,6,12
preventing,3,2,5
preventing permanent deployment,1,0,1
permanent,1,0,1
permanent deployment,2,0,2
deployment,8,10,18
particular territory,3,0,3
territory,6,5,11
Deputy,0,1,1
Foreign,1,0,1
Alexei Mechkov,1,1,2
incoming,1,1,2
vehicles,1,0,1
factor,1,0,1
factor destabilising European security,1,0,1
destabilising,10,9,19
presence,0,1,1
US assets,0,1,1
assets,1,1,2
threatens,1,5,6
threatens our interests and our security,1,0,1
security,1,0,1
Vladimir Putin,1,0,1
Putin,0,1,1
administration,5,1,6
described,0,1,1
deployment,2,1,3
threat,0,2,2
relations,1,0,1
strained,2,9,11
annexation,10,10,20
Crimea,2,1,3
increasing,1,0,1
presence,2,0,2
Kalingrad,1,1,2
enclave,4,3,7
territory,1,1,2
Lithuania,0,1,1
nuclear-capable,3,1,4
Iskander,2,0,2
missiles,1,0,1
anti-ship,0,1,1
Bastion,1,1,2
Bastion equipment,1,0,1
equipment,0,1,1
considered,1,0,1
Mannings,0,2,2
Mannings actions,0,1,1
Chelsea,0,1,1
exposed,5,2,7
serious,1,0,1
serious abuses,0,1,1
abuses,1,5,6
executive,1,0,1
Amnesty,5,1,6
Amnesty International,1,0,1
International,2,0,2
violated,8,6,14
Huang,0,1,1
long overdue,2,3,5
overdue,3,4,7
Despite,1,1,2
trans,1,0,1
trans woman,3,3,6
housed,2,1,3
Disciplinary,3,0,3
Disciplinary Barracks,0,1,1
"Disciplinary Barracks at Fort Leavenworth, Kansas",1,0,1
Barracks,1,1,2
Leavenworth,1,0,1
solitary,4,2,6
solitary confinement,6,3,9
confinement,3,8,11
attempted,2,0,2
attempted suicide,1,0,1
suicide,2,2,4
WikiLeaks,1,0,1
Julian Assanges,0,1,1
U.S. extradition,0,1,1
extradition,7,4,11
granted,0,1,1
granted clemency,2,0,2
clemency,9,9,18
Assange,1,2,3
Ecuadorian,1,1,2
embassy,3,0,3
claiming,0,1,1
claiming asylum,2,2,4
asylum,7,8,15
twice,0,1,1
heard,0,1,1
discovery,7,3,10
Vabbinfaru,1,3,4
Vabbinfaru resort,1,0,1
resort,1,0,1
immediately,3,0,3
immediately called,0,1,1
Mohamed Ibrahim,0,1,1
councilman,9,6,15
Fehendhoo,1,1,2
Fehendhoo Island,2,0,2
Haveeru,1,2,3
Kuala Lumpur,1,1,2
vanished,6,10,16
without a trace,1,0,1
trace,3,4,7
passengers,3,1,4
crew,1,3,4
believed,1,0,1
residents,2,2,4
Maldive,0,1,1
Kudahuvadhoo,3,2,5
claimed,0,3,3
low flying jumbo jet,1,1,2
jumbo jet,1,0,1
crash,0,1,1
appeared,2,1,3
resemble,10,9,19
Malaysia,0,1,1
Malaysia Airlines,1,0,1
seaplanes,8,7,15
IKEA,0,1,1
spokesperson,7,5,12
Pilkrona-Godden,0,1,1
affected,3,2,5
time being,1,1,2
Västerås,2,1,3
approximately,8,3,11
capital,1,0,1
Stockholm,0,2,2
population,2,2,4
roughly,2,2,4
Vice-premier,4,2,6
executed,3,3,6
published,2,0,2
Yonhap,1,1,2
Yonhap News Agency,1,0,1
claims,0,1,1
vice premier,2,0,2
premier,3,0,3
Choe Yong-gon,0,1,1
Yong-gon,1,0,1
executed,6,5,11
cites,2,3,5
unnamed,4,3,7
unnamed source,1,2,3
source,0,1,1
confirmed,3,3,6
Wikinews,2,0,2
rarely,0,1,1
statements,2,3,5
internal,3,0,3
internal affairs,1,5,6
affairs,1,2,3
Choe,1,0,1
disagreed,1,5,6
Supreme Leader,1,0,1
Kim Jong-uns,0,1,1
forestry,6,3,9
forestry policies,4,2,6
policies,1,0,1
Choe,1,1,2
vice premiers,4,0,4
premiers,4,1,5
charge,0,1,1
construction,1,0,1
building,0,1,1
material,1,0,1
material industries,1,0,1
industries,0,1,1
laser,2,2,4
object,2,1,3
paws,2,6,8
intensively,10,6,16
intensively bite,0,1,1
bite,0,1,1
capture,0,3,3
investigator,3,2,5
Associated,1,0,1
Associated Professor,0,1,1
Psychiatry,4,2,6
Araujo,1,0,1
mice,0,1,1
behaved,1,2,3
inspired,2,3,5
natural feeding behavior,1,1,2
feeding,0,1,1
behavior,1,0,1
opposed,2,0,2
passively,5,4,9
passively munching,0,1,1
munching,4,9,13
food pellets,0,2,2
pellets,1,4,5
associated,4,2,6
associated with feeding,0,1,1
feeding,0,1,1
suggested,0,2,2
associated,3,0,3
hunting,0,1,1
feeding,0,1,1
behavior,1,0,1
Stimulation,5,7,12
periaqueductal,8,3,11
periaqueductal gray,3,2,5
periaqueductal gray (PAG,1,0,1
controlled,1,0,1
controlled stalking,1,0,1
stalking,4,5,9
stalking and stimulation,0,2,2
stimulation,4,1,5
reticular,8,6,14
reticular formation,2,3,5
reticular formation controlled,1,0,1
reticular formation controlled biting,1,0,1
formation,2,0,2
controlled,1,0,1
biting,0,1,1
rendition,7,10,17
Manning,0,2,2
information,1,1,2
Manning,1,0,1
released,1,1,2
WikiLeaks,2,2,4
diplomatic,8,3,11
diplomatic accounts,0,2,2
military,1,0,1
military incident logs,1,0,1
incident logs,0,2,2
logs,1,1,2
footage,2,5,7
Apache,1,0,1
Apache helicopter,1,0,1
suspected,2,4,6
Iraqi,0,1,1
insurgents,7,7,14
Guantanamo,1,1,2
Guantanamo Bay,1,0,1
trial,0,1,1
detainees,10,8,18
detainees abused,0,1,1
abused,2,4,6
denounced,3,5,8
Manning,1,0,1
traitor,2,4,6
breach,2,1,3
endangered,4,5,9
convicted,2,1,3
espionage,5,9,14
acquitted,4,7,11
aiding,0,1,1
fitting,0,1,1
commentary,3,0,3
commute,1,4,5
endangered,3,5,8
diplomats,1,0,1
intelligence,1,0,1
leaking,0,2,2
sensitive,2,0,2
government,1,0,1
WikiLeaks,1,1,2
virulently,5,9,14
interference,8,4,12
elections,1,0,1
Bomb,1,0,1
vehicle,1,0,1
packed,0,2,2
explosives,9,2,11
detonated,10,10,20
targeted,3,4,7
housing,0,1,1
government,1,0,1
rebels,0,4,4
whom,0,1,1
seized,7,6,13
Islamic,0,1,1
Islamic militants,2,1,3
militants,4,1,5
leading,0,1,1
military intervention,1,1,2
intervention,9,5,14
disputed,4,1,5
disputed ceasefire,4,2,6
ceasefire,7,7,14
Occasional,2,1,3
worst,0,2,2
Bruno Le Roux,0,1,1
highly symbolic,2,1,3
symbolic,9,5,14
François,0,1,1
Hollande,0,1,1
Victims,1,1,2
tasked,0,1,1
providing,2,0,2
providing patrols,1,0,1
patrols,4,3,7
to quell,0,1,1
quell,6,8,14
quell the violence,0,1,1
violence,2,1,3
Boubacar Keita,0,1,1
declare,1,1,2
mourning,8,8,16
sluggish,10,10,20
sluggish wage growth,1,1,2
wage,0,1,1
pocket of weakness,2,1,3
weakness,1,1,2
economic,2,0,2
economic recovery,2,1,3
steady,1,1,2
steady payroll,0,1,1
payroll,2,9,11
payroll gains,1,0,1
averaging,4,0,4
led,0,1,1
observers,3,3,6
Federal,1,1,2
Federal Reserve,2,0,2
Reserve,1,0,1
hike,0,5,5
increasingly,2,1,3
according to,1,0,1
clearing the hurdle,1,0,1
hurdle,8,10,18
Fed,2,1,3
rate hike,2,0,2
hike,0,1,1
economist,9,1,10
bar,0,1,1
Federal Reserve,1,1,2
explicitly,8,10,18
explicitly stated,0,1,1
interest rates,1,0,1
stated,0,2,2
further improvement,0,1,1
improvement,3,2,5
jobs market,1,0,1
management,5,4,9
hand it over,0,1,1
unnamed,2,1,3
authorities,5,3,8
debris,8,8,16
destroyed,1,1,2
The Serious and Organized Crime Unit,1,0,1
Serious and Organized Crime Unit,1,0,1
Organized,0,2,2
Maldives,0,1,1
experts,0,3,3
Maldives Civil Aviation Authority,1,0,1
Civil,3,0,3
Civil Aviation Authority,1,0,1
Aviation,3,4,7
Authority,1,0,1
heading,0,1,1
investigation,8,4,12
Yesterday,1,0,1
debris,5,3,8
measuring,3,4,7
Baa Atoll,0,1,1
Fehendhoo,2,1,3
Fulhahdhoo,1,1,2
ashore,4,7,11
piece,0,1,1
appears,1,0,1
serial,3,0,3
serial number,1,0,1
Initially,6,3,9
residents,3,2,5
debris,1,3,4
resident,1,3,4
debris,3,3,6
rape,1,0,1
rape accusations,0,1,1
accusations,10,10,20
Swedish,0,1,1
administration,2,2,4
unprecedented,10,9,19
unprecedented crackdown,2,4,6
crackdown,2,7,9
leaks,1,2,3
leaks of government secrets,1,0,1
government,0,1,1
Manning,1,2,3
individuals,0,1,1
granted,0,1,1
clemency,10,9,19
tenure,4,7,11
Josh Ernest,0,1,1
whistleblower,8,9,17
Edward,0,1,1
Snowden,0,1,1
pardoned,5,10,15
dangerous,2,0,2
formal trial,0,1,1
acknowledged,2,0,2
acknowledged wrongdoing,2,2,4
wrongdoing,2,4,6
adversary,7,8,15
sought,3,2,5
sought refuge,0,2,2
refuge,2,3,5
concerted,6,4,10
concerted effort,0,2,2
undermine,4,4,8
undermine confidence,1,0,1
democracy,3,1,4
commuted,4,5,9
nationalist,3,1,4
convicted,0,1,1
Apollo,1,0,1
Cernan,0,1,1
Cernan worked,0,1,1
Apollo-Soyuz,1,1,2
Apollo-Soyuz project,1,0,1
project,0,1,1
retiring,4,3,7
NASA,2,0,2
executive,7,3,10
executive and consultant,1,0,1
consultant,7,5,12
autobiography,10,2,12
advocated,10,7,17
returning,1,0,1
Neil Armstrong,0,1,1
patriot,4,6,10
pioneer,4,6,10
shape,0,1,1
countrys bold ambitions,0,1,1
bold,0,1,1
bold ambitions,0,1,1
ambitions,4,8,12
ambitions to do things that humankind,0,1,1
humankind,3,6,9
achieved,2,3,5
Administrator,2,0,2
Administrator Charles Bolden,0,1,1
Charles Bolden,0,1,1
Gujarat quota,0,1,1
Gujarat quota protests,2,0,2
quota,5,1,6
quota protests,1,0,1
protests,1,2,3
violent,2,0,2
Gujarat,1,0,1
curfew,6,9,15
dozens,0,1,1
protests,2,1,3
job quotas,1,0,1
quotas,3,2,5
Ahmedabad,0,1,1
drilled,1,7,8
drilled a tunnel,1,0,1
tunnel,2,4,6
pot,1,0,1
the foraging arena,1,0,1
foraging,6,3,9
foraging arena,1,1,2
medicine,2,0,2
infected,2,4,6
preparing,0,1,1
solution,2,1,3
fungus,6,2,8
fungus Beauveria bassiana,2,0,2
Beauveria,3,0,3
Beauveria bassiana,5,2,7
bassiana,4,2,6
Afterwards,1,0,1
dipped,0,5,5
solution,1,0,1
dried,0,2,2
exposing,4,6,10
fungus,3,1,4
foraging,3,7,10
foraging arena,4,2,6
arena,0,2,2
counted,0,1,1
food-source,1,1,2
infected,1,1,2
sooner,0,2,2
ingesting,3,10,13
ROS,2,0,2
ROS [Reactive Oxygen Species,1,0,1
Reactive,1,0,1
Reactive Oxygen Species,2,0,2
Oxygen,1,0,1
Species,2,2,4
chemicals,1,0,1
hydrogen,4,0,4
hydrogen peroxide,2,0,2
peroxide,1,0,1
infected,1,0,1
obtained,3,3,6
force feed,0,2,2
ignore,2,1,3
behaviour,9,3,12
guesses,2,5,7
moment,1,1,2
investigate,8,6,14
couple,1,1,2
Wikinews,1,0,1
PhD,1,0,1
researched,2,0,2
ants scent-based communications,0,1,1
scent-based,2,5,7
scent-based communications,5,2,7
communications,4,1,5
infected,1,5,6
encourage,2,4,6
conflicting,6,8,14
conflicting evidence,3,0,3
evidence,0,3,3
actually,1,0,1
smell,0,1,1
interaction,5,3,8
nestmates,10,10,20
nestmates and especially brood,1,0,1
brood,2,7,9
nest,0,1,1
die in isolation,0,1,1
isolation,10,8,18
common,1,0,1
collection,3,4,7
species,6,7,13
species of fungus,1,0,1
fungus,7,2,9
appear,1,1,2
different strain,1,1,2
strain,7,7,14
laboratory,5,0,5
laboratory technician,1,0,1
technician,3,1,4
adapt,5,2,7
local strains,2,1,3
strains,3,4,7
local adaptation,2,0,2
adaptation,3,5,8
strain,2,2,4
strain of fungus,2,0,2
fungus,1,1,2
definitely,1,3,4
evolve,4,5,9
evolve specific resistances,1,0,1
specific,1,0,1
specific resistances,2,1,3
resistances,9,5,14
reaction,0,1,1
to self-medicate,1,0,1
self-medicate,1,0,1
general response,1,2,3
response,1,0,1
fungal,0,1,1
fungal enemies,2,0,2
enemies,2,1,3
ethical,5,3,8
ethical considerations,3,1,4
considerations,2,1,3
exposing,2,2,4
toxins,7,6,13
parasites,1,1,2
alleges,7,9,16
ensure,2,5,7
inclusion,6,3,9
inclusion of the low-polling candidates,1,0,1
low-polling,3,1,4
low-polling candidates,2,2,4
candidates,0,1,1
Hewlett-Packard,0,1,1
Carly,0,1,1
Fiorina,0,1,1
George Pataki,0,1,1
Lindsey,0,1,1
Graham,0,1,1
Gilmore,0,1,1
recognizes,4,4,8
major players,2,1,3
Furthermore,0,3,3
argues,2,2,4
criteria,4,3,7
objective,3,4,7
define,0,1,1
consistently,8,9,17
recognized,2,5,7
referring,0,2,2
asserts,3,5,8
Republican,1,0,1
online straw poll,1,2,3
straw,0,1,1
straw poll,3,3,6
excluded,4,2,6
debate,1,2,3
expert,0,1,1
publisher,1,0,1
Ballot Access News,0,1,1
challenge,0,2,2
chance of success,0,1,1
actually,1,0,1
lawsuit,2,10,12
complaining,1,3,4
FEC,0,1,1
deputy,5,2,7
deputy chief,2,0,2
deputy chief of the HCSO,1,0,1
brothers in arms,2,0,2
arms,1,1,2
hurting,3,6,9
difficult,3,0,3
sheriff,2,0,2
sheriffs,2,0,2
a tragedy,1,0,1
tragedy,8,6,14
those…affected,1,0,1
tragedy,1,0,1
reporters,2,0,2
administrative,6,2,8
administrative segregation,4,2,6
administrative segregation unit,1,0,1
segregation,10,7,17
promised,1,1,2
elsewhere,2,2,4
angered,1,4,5
victims,3,2,5
victims disrespected,0,1,1
disrespected,10,6,16
mistreated,10,9,19
auxiliary,10,8,18
auxiliary bishop,3,2,5
bishop,4,0,4
conducted,5,1,6
Roman Catholic mass,2,0,2
mass,1,1,2
St Marys Roman Catholic Church,1,0,1
Catholic,0,1,1
Liverpools Woolton,1,0,1
Woolton,0,2,2
church,1,0,1
Bobby Willis,0,1,1
marriage,1,0,1
Eulogies,8,7,15
delivered,1,2,3
Cliff Richard,0,1,1
OGrady,0,1,1
poems,1,0,1
tributes,9,8,17
flew,0,3,3
specially,3,0,3
funeral,3,4,7
interred,9,7,16
ceremony,5,0,5
graves,1,2,3
Allerton,0,2,2
cemetery,7,2,9
suffered,1,2,3
stroke,4,2,6
military,1,1,2
quasi-state of war,3,1,4
quasi-state,4,3,7
According,1,0,1
Yonhap,0,2,2
quoting,3,2,5
agency,1,0,1
military,0,1,1
high alert,0,1,1
alert,1,0,1
prepare,2,0,2
quasi-state,1,1,2
quasi-state of war,2,2,4
along party lines,0,1,1
party lines,0,1,1
Republicans,4,0,4
expressed,1,3,4
uncertainty,7,5,12
repealing,8,10,18
repealing Obamacare,1,0,1
Obamacare,2,1,3
replacement,2,3,5
replacement system,1,0,1
president-elect,1,1,2
Donald Trump,0,1,1
repeal and replace,2,0,2
repeal,0,3,3
enacted,8,7,15
simultaneously,10,8,18
government,1,0,1
expressed,1,1,2
doubts,2,0,2
well-constructed,3,1,4
well-constructed plan,0,1,1
voting,1,0,1
Senator,1,0,1
Johnny Isakson,0,1,1
repealing,4,2,6
Obamacare,0,1,1
unacceptable,5,3,8
concerns,5,3,8
House of Representatives,2,0,2
Representatives,2,0,2
replacement,0,2,2
repeal,3,1,4
Representative,3,1,4
Mark Meadows,0,1,1
Neighbouring,9,3,12
Hungary is constructing,0,1,1
constructing,5,2,7
constructing a border fence,1,0,1
border fence,0,3,3
fence,0,3,3
frontier,9,4,13
attempts,1,0,1
illegally,6,2,8
according to authorities,1,0,1
authorities,6,2,8
Conflict,3,3,6
refugees,9,6,15
freely,0,1,1
Schengen,1,1,2
Schengen Area,0,1,1
arrested,2,0,2
motorists,2,2,4
motorists suspected of people smuggling,1,0,1
suspected,3,2,5
people smuggling,1,1,2
smuggling,10,9,19
accused,5,4,9
roadside,1,1,2
Bruck,0,1,1
Bruck an der Leitha,1,0,1
Leitha,0,1,1
struggling,4,7,11
struggling to breathe,1,1,2
breathe,2,1,3
astronaut,4,2,6
astronaut Eugene,1,0,1
Cernan,0,1,1
NASA astronaut,1,1,2
astronaut,7,2,9
according,1,0,1
NASA,1,0,1
statement,1,0,1
previous,1,0,1
previous foray,0,1,1
foray,10,7,17
charade,10,8,18
Wikinews,1,0,1
tag team,5,2,7
attacking,1,0,1
candidacy,10,5,15
raw,1,1,2
raw media,1,0,1
raw media power,2,2,4
weaken,1,1,2
negative,1,0,1
negative information,0,1,1
hardball,6,5,11
hardball media tactics,1,3,4
tactics,6,4,10
toxic,4,2,6
toxic candidate,2,0,2
candidate,3,0,3
adamantly,10,10,20
adamantly opposes,1,1,2
opposes,3,1,4
criticizes,4,1,5
alleged,3,6,9
economic,1,0,1
collapse,1,2,3
Lehman,0,1,1
labeling,0,1,1
handful,0,1,1
corrupt,2,0,2
corrupt plutocrats,3,2,5
plutocrats,10,8,18
previously,1,0,1
criticized,1,3,4
accusing,2,0,2
then-presidential,2,0,2
then-presidential candidate,1,0,1
abusing,1,3,4
cocaine,0,1,1
presence,3,2,5
presence of US assets,1,0,1
US assets,1,0,1
assets,1,3,4
threatens,3,8,11
threatens our interests and our security,1,1,2
security,1,1,2
military presence,0,1,1
presence,2,1,3
BBC,1,0,1
Outgoing,1,3,4
Barack Obama,0,1,1
authorised,5,7,12
response,0,1,1
Russian intervention,1,0,1
intervention,6,7,13
Ukraine,1,1,2
Crimea,0,2,2
Crimea was annexed,1,0,1
annexed,8,8,16
NATO summit,1,1,2
summit,1,3,4
Tomasz,0,1,1
Tomasz Szatkowski,1,1,2
Polish Undersecretary,1,0,1
Undersecretary,4,2,6
Undersecretary of State,0,1,1
Undersecretary of State for Defence,0,1,1
large exercises,0,2,2
exercises,1,2,3
troops,0,2,2
Szatkowski,0,1,1
mentioned,2,1,3
aggressive,5,5,10
aggressive actions,1,0,1
aggressive actions in our vicinity,1,1,2
vicinity,6,10,16
Deputy,0,1,1
Alexei Mechkov,0,1,1
Mechkov,1,1,2
incoming,1,1,2
vehicles,1,1,2
factor destabilising European security,0,1,1
destabilising,10,8,18
destabilising European security,1,0,1
recent stint,0,1,1
stint,9,9,18
arrested,3,2,5
allegedly,10,7,17
allegedly slamming,1,2,3
slamming,3,8,11
refrigerator,4,2,6
involved,0,1,1
murders,0,1,1
assault,5,9,14
assault charge,1,2,3
victims,2,3,5
scene,0,1,1
authorities,5,4,9
released,1,2,3
Dwayne,1,0,1
Honesty,1,0,1
Nathaniel,1,0,1
investigators,7,5,12
Valerie,1,0,1
broke,0,1,1
tragedy,10,8,18
a statement,0,1,1
statement,0,4,4
checked,0,2,2
GPS trackers,0,1,1
trackers,1,2,3
fleet,1,3,4
vehicles,1,0,1
Slovakia,2,1,3
statement,1,0,1
lorry,7,3,10
Hyza,1,1,2
Hyza vehicles,1,0,1
exported,5,2,7
registered,4,3,7
the branding,0,1,1
branding,1,4,5
Bild,1,1,2
Bild newspaper,1,0,1
Agrofert,3,0,3
parent,0,1,1
statement,1,0,1
owners,0,1,1
required,0,2,2
cooperate,3,1,4
Slovak,0,1,1
express,0,2,2
sincere,1,0,1
condolences,10,8,18
condolences to the bereaved,1,0,1
bereaved,10,10,20
Interior,0,1,1
Interior Minister,1,1,2
Johanna,0,1,1
Mikl-Leitner,0,1,1
Union-wide,1,0,1
measures,0,1,1
immigrant,4,5,9
immigrant refugees,1,2,3
refugees,5,3,8
tackle,2,6,8
human traffickers,2,0,2
traffickers,7,8,15
Yesterday,1,0,1
IndyCar,1,1,2
injuries,4,0,4
sustained,10,8,18
Pocono,1,0,1
twenty laps,0,1,1
laps,0,3,3
remaining,1,0,1
leading,0,1,1
crashed,0,3,3
approached,5,3,8
site,0,1,1
crash,0,1,1
reportedly,2,2,4
nose cone,0,1,1
cone,0,1,1
airborne,6,7,13
struck,0,1,1
helmet,1,0,1
steered,4,9,13
collided,8,5,13
barrier,3,4,7
caution,3,0,3
caution flag,1,2,3
extracted,10,7,17
airlifted,7,8,15
released a statement,1,0,1
statement,0,1,1
"statement, announcing",1,0,1
announcing,2,1,3
suffered,3,1,4
severe,5,0,5
critical,4,0,4
critical condition,2,0,2
condition,1,0,1
had fallen into,0,1,1
coma,3,5,8
Initially,7,2,9
considered,3,3,6
victims,4,2,6
status,4,1,5
changed,0,2,2
suspect,3,3,6
subsequently,10,9,19
wounds,2,1,3
CCTV,1,0,1
investigation,6,5,11
Local newspaper Vestmanlands Läns Tidning (VLT,1,0,1
newspaper,1,0,1
Vestmanlands Läns Tidning,1,1,2
reportedly,1,3,4
footage,4,4,8
suspects,2,1,3
tackled,8,9,17
claimed,1,0,1
identified,3,0,3
respectively,10,2,12
victims,0,1,1
residents,1,1,2
connection,1,0,1
Västerås,1,1,2
vacationing,9,8,17
spokesperson,6,5,11
an act of madness,1,0,1
act of madness,0,1,1
madness,2,0,2
worst,1,2,3
Mattias,1,0,1
Mattias Johansson,0,1,1
Västerås,1,0,1
Sveriges,1,1,2
Law and Justice Party,1,0,1
removed,0,1,1
web,0,1,1
featuring,3,5,8
investigation,5,6,11
Smolensk,2,1,3
Smolensk air disaster,3,0,3
air,1,0,1
disaster,2,8,10
dignitaries,10,10,20
Kaczynski,1,1,2
disputed,5,8,13
probe,3,1,4
concluded,2,1,3
pilots,2,0,2
determination,8,7,15
dense,3,2,5
dense fog,0,2,2
fog,0,1,1
blame,0,4,4
Russian controllers,1,1,2
failing,0,2,2
failing to divert,0,1,1
divert,2,5,7
investigators,2,0,2
blamed,0,2,2
pilots,1,0,1
high-profile,2,3,5
high-profile political figures,1,1,2
political,0,1,1
ceremony,1,1,2
commemorating,10,9,19
anniversary,1,0,1
Katyn,0,1,1
massacre,8,5,13
civilians,2,0,2
Soviets,1,0,1
