Complex_Phrase,Native_Annotators,Non_Native_Annotators,Total_Annotators
passed,0,2,2
future,1,0,1
future generations,1,2,3
generations,4,3,7
recognizes,3,4,7
community,1,0,1
community s traditional connection,1,0,1
traditional,1,4,5
traditional connection to that country,1,0,1
country,0,1,1
Aboriginal,8,5,13
Aboriginal land rights legislaton,1,1,2
land rights legislaton,1,0,1
legislaton,10,5,15
preceded,8,8,16
Aboriginal,2,1,3
Aboriginal protests,1,1,2
Aboriginal Stockmen s Strike,1,0,1
Stockmen,1,1,2
Stockmen s Strike,0,1,1
Strike,0,1,1
Yolngu,1,0,1
Yolngu Bark Petition,1,0,1
Petition,2,1,3
Wave Hill Walk-Off ,1,0,1
Walk-Off,0,3,3
Aboriginal Lands Trust Act,1,0,1
Trust,0,1,1
established,5,3,8
indigenous,9,8,17
indigenous Australians,3,0,3
Australian Aborigines,1,0,1
Australian Aborigines and Torres Strait Islanders,1,0,1
Torres Strait,1,0,1
Strait,1,1,2
Islanders,0,1,1
politically,1,0,1
emerged,6,4,10
movement,0,1,1
recognition,4,3,7
Aboriginal,1,1,2
Aboriginal land rights,0,1,1
novel,1,1,2
best-selling,2,3,5
fiction,6,5,11
Pulitzer,0,1,1
Pulitzer Prize,1,0,1
tropical,8,6,14
tropical disease,1,1,2
disease,2,1,3
sprue,7,4,11
afterward,1,3,4
campus,4,1,5
positions,2,0,2
eligible,6,1,7
adoption,4,6,10
established,4,1,5
Foundation,2,0,2
address,0,2,2
poverty,7,2,9
discrimination,10,9,19
diverse,5,5,10
diverse variety,1,0,1
variety,0,1,1
cultures,1,0,1
immigration,6,7,13
adoption,3,1,4
missionary,8,3,11
missionary work,4,2,6
Baroque,7,5,12
Baroque piece,1,0,1
that stands,0,1,1
Chapel,0,2,2
Chapel of Nuestra Señora del Rosario,1,0,1
Nuestra Señora del Rosario,2,0,2
recognizable,8,6,14
recognizable feature,2,0,2
feature,1,1,2
architecture,8,3,11
Quito,2,0,2
Panecillo,1,1,2
hill,0,1,1
altitude,9,3,12
sea level,1,0,1
Axis,1,2,3
nerve,3,3,6
Independence,1,2,3
colonial,2,3,5
built,0,1,1
addition,1,0,1
Archbishop,6,0,6
Municipal,5,0,5
Metropolitan,2,0,2
Metropolitan Cathedral,3,0,3
Cathedral,0,1,1
monument,6,4,10
Virgin Mary,1,0,1
Panecillo,1,0,1
visible,2,1,3
Quito,0,1,1
To this end,1,0,1
organized,5,1,6
cultural,2,0,2
cultural contexts,3,3,6
contexts,2,4,6
accessible,9,5,14
Beethoven,0,1,1
Symphony,8,5,13
Symphony,0,2,2
Symphony,1,0,1
comprise,8,4,12
nearly,0,2,2
symphonies,6,2,8
key,2,0,2
Romantic,2,0,2
Romantic era,2,1,3
Mozart,1,0,1
Clarinet,1,2,3
Clarinet Concerto and Clarinet Quintet,1,0,1
Concerto,4,0,4
Quintet,4,1,5
major,1,0,1
Mozart,1,0,1
Mozart was more,0,1,1
clarinets,5,4,9
E-flat major,1,1,2
Brahms,1,0,1
Fauré,1,0,1
violin,1,0,1
violin sonatas,1,1,2
sonatas,10,7,17
A major,0,1,1
connection,1,0,1
Kreutzer,1,0,1
Cropper,0,1,1
major,0,1,1
fullest,0,1,1
sounding,0,1,1
sounding key,1,1,2
violin,1,0,1
Friedrich,1,0,1
Schubart,1,0,1
major,1,0,1
suitable,5,1,6
declarations,8,2,10
declarations of innocent love,1,0,1
innocent,4,2,6
beloved,3,1,4
youthful,1,2,3
youthful cheerfulness,1,1,2
cheerfulness,3,6,9
trust in God,1,0,1
Ain,2,0,2
oases,6,7,13
tree-lined,0,2,2
tree-lined avenues,1,1,2
avenues,3,4,7
decorative,3,0,3
decorative roundabouts,2,0,2
roundabouts,10,10,20
dry,0,1,1
desert,2,0,2
retreat,4,7,11
coastal,1,1,2
coastal humidity,2,1,3
humidity,8,5,13
attractions,3,1,4
Oasis,0,1,1
oases,1,2,3
oases dotted,0,1,1
dotted,1,3,4
retreats,2,2,4
amusement,4,4,8
amusement park,1,1,2
well-maintained,5,1,6
heritage,9,8,17
heritage village,1,1,2
literally,1,1,2
greenery,8,8,16
Emirate,1,0,1
Abu Dhabi,1,0,1
United Arab Emirates,1,0,1
Emirates,2,1,3
roles,1,2,3
stage,0,3,3
traditionally,3,6,9
principal,7,2,9
principal boys,0,1,1
pantomime,10,10,20
Opera,1,2,3
breeches,3,7,10
breeches roles,5,5,10
traditionally,2,0,2
sung,0,1,1
mezzo-sopranos,10,8,18
Hänsel,2,0,2
Gretel,1,0,1
Cherubino,3,1,4
Figaro,1,0,1
Octavian,1,1,2
Der Rosenkavalier,2,0,2
Rosenkavalier,1,1,2
former,1,0,1
pivotal,8,8,16
pivotal role,0,2,2
Academy Award,0,1,1
Supporting,1,2,3
Actress,0,1,1
opposite,1,0,1
opposite sex,2,0,2
long-standing,2,5,7
long-standing tradition,1,0,1
tradition,1,0,1
comic,1,0,1
comic theater,0,1,1
theater,0,2,2
military,0,1,1
divided,1,0,1
branches,3,2,5
update,0,2,2
brought,1,2,3
via,3,0,3
Conscription,10,10,20
call-ups,6,8,14
founded,1,1,2
Austrian,1,0,1
Wiplinger,1,0,1
Arovell,4,0,4
publishing,1,1,2
publishing house,2,1,3
platform,3,6,9
covers,0,2,2
edited,1,2,3
Arovell,1,0,1
respectively,10,5,15
section,0,1,1
Jaeg,1,0,1
addition,0,1,1
publishes,3,0,3
magazine,1,2,3
literature,3,2,5
contains,0,2,2
contains information,0,1,1
information,0,2,2
public events,1,2,3
organometallic,10,9,19
organometallic compounds,2,3,5
compounds,1,0,1
ferrocene,9,5,14
dibenzenechromium,10,6,16
pi,1,1,2
pi orbitals,4,4,8
orbitals,6,1,7
organic moiety,2,0,2
organic moiety ligate,1,0,1
moiety,3,6,9
moiety ligate,2,2,4
ligate,3,6,9
coordination,1,3,4
coordination compounds,2,0,2
compounds,0,1,1
methylcobalamin,10,5,15
cobalt-methyl,4,1,5
cobalt-methyl bond,2,1,3
organometallic,3,3,6
complex,1,2,3
biology,1,0,1
metalorganics,6,6,12
metalorganics ,1,0,1
metal-containing,0,1,1
metal-containing compounds,0,1,1
compounds,0,2,2
lacking,0,3,3
metal-carbon,0,1,1
metal-carbon bonds,0,1,1
organic ligands,1,0,1
ligands,3,8,11
ligands,4,4,8
bind,0,1,1
heteroatom,10,5,15
oxygen,2,0,2
nitrogen,1,0,1
Organometallic,2,1,3
bonds,1,1,2
ionic,2,3,5
covalent,4,5,9
relatively,1,0,1
ionic,2,0,2
undergo,0,2,2
reactions,1,0,1
Doncaster,0,2,2
recognized,5,5,10
hub,5,5,10
developments,1,2,3
international,3,2,5
Sheffield,0,1,1
Schistosomiasis,10,4,14
caused,0,1,1
genus,5,4,9
genus of trematodes,0,1,1
trematodes,10,5,15
devastating,8,8,16
diseases,1,0,1
parasites,10,7,17
surpassed,7,7,14
malaria,7,0,7
flatworm,3,3,6
flatworm species,2,0,2
species,1,2,3
parasitic,4,3,7
enormous,3,4,7
livestock,4,9,13
Opportunity,1,0,1
Opportunity Center and Orphanage,1,0,1
Orphanage,3,1,4
interred,8,7,15
initially,8,1,9
five-episode,1,2,3
five-episode role,1,0,1
role,0,2,2
character,1,1,2
popular,1,0,1
season,1,0,1
returned,0,1,1
appearance,2,3,5
remainder,6,4,10
original,1,0,1
story arc,1,1,2
arc,3,1,4
Buffy,0,1,1
spin-off,6,6,12
spin-off series,1,0,1
Subsequently,8,5,13
announced,3,0,3
lured,9,6,15
Vampire,0,1,1
Vampire Slayer,1,0,1
Slayer,0,2,2
Soul,1,1,2
Soul Survivors,1,1,2
Survivors,1,3,4
reuniting,9,7,16
co-star,1,1,2
covered,3,2,5
Sobre el Fuego,1,0,1
album,1,1,2
century,1,0,1
Tsarskoye,0,1,1
Tsarskoye Selo,0,1,1
popular,1,0,1
summer residence,2,1,3
residence,4,3,7
nobility,10,10,20
Pushkin,0,1,1
World Heritage Site,1,0,1
Heritage,0,6,6
Groups of Monuments,1,0,1
Monuments,3,4,7
Empress,1,1,2
architect,7,2,9
extended,2,3,5
Cameron Gallery,1,0,1
occupied,2,2,4
Pushkin,0,1,1
destroying and plundering,1,0,1
plundering,10,10,20
historical monuments,2,0,2
monuments,2,4,6
cultural,1,0,1
cultural artifacts,4,0,4
artifacts,3,8,11
Amber Room,0,1,1
numeral,0,1,1
glyph,10,10,20
unique,3,0,3
unique property,0,1,1
such that,1,0,1
domino,2,2,4
domino tilings,3,3,6
tilings,3,4,7
checkerboard,1,3,4
Mucha,2,0,2
flurry,6,9,15
paintings,0,1,1
posters,0,1,1
advertisements,1,2,3
book illustrations,0,1,1
illustrations,2,8,10
designs,2,0,2
jewelry,0,1,1
theater,2,1,3
termed,1,4,5
initially,4,1,5
Mucha Style,3,0,3
Art Nouveau,2,1,3
Nouveau,2,0,2
Mucha,1,0,1
Mucha s,1,0,1
frequently,2,1,3
featured,1,1,2
flowing,0,4,4
vaguely,5,8,13
vaguely Neoclassical-looking,3,1,4
vaguely Neoclassical-looking robes,0,1,1
Neoclassical-looking,6,3,9
surrounded,1,1,2
lush,2,5,7
lush flowers,0,2,2
halos,4,6,10
Universal,0,1,1
Exhibition,2,2,4
spread,0,1,1
Mucha style,2,0,2
internationally,1,0,1
Mucha,1,0,1
Exposition,1,1,2
Exposition Universelle,2,2,4
Universelle,1,0,1
contribution,0,1,1
aesthetic,9,4,13
aesthetic values,3,2,5
crafts,0,1,1
decorated,0,2,2
Bosnia and Herzegovina,1,0,1
Herzegovina,0,1,1
Pavilion,3,1,4
collaborated,10,6,16
roof,0,2,2
Mudéjar,6,1,7
Mudéjar style,0,1,1
features,1,2,3
martyrs,10,7,17
Order of Saint Dominic,1,0,1
administrative,6,0,6
administrative units,1,1,2
presidential,1,0,1
presidential residence,2,0,2
residence,2,1,3
luxurious,4,5,9
luxurious colonial-style,3,1,4
colonial-style,5,7,12
colonial-style apartment,1,0,1
Rafael Correa,1,0,1
considering,1,0,1
Carondelet Palace,1,0,1
agencies,1,0,1
Ecuadoran,3,0,3
Ecuadoran heritages,1,0,1
heritages,4,7,11
convert,2,1,3
presidential,1,0,1
compound,3,3,6
museum,2,0,2
accessible,3,2,5
roof of the nave,1,0,1
nave,4,3,7
pair and knuckle frame,2,1,3
knuckle,4,3,7
knuckle frame,1,6,7
coated,0,2,2
pieces of tracery,2,1,3
tracery,10,9,19
Carondelet,1,0,1
Palacio,1,0,1
government,2,0,2
historical,0,1,1
historical center,1,0,1
Aemilianus,4,3,7
Marcus Aemilius Aemilianus Augustus,2,0,2
Aemilius Aemilianus Augustus,1,0,1
Aemilian,1,0,1
Emperor,1,1,2
Commander,1,1,2
Moesian,5,2,7
Moesian troops,1,0,1
troops,0,3,3
obtained,4,0,4
victory,1,3,4
invading,2,5,7
invading Goths,0,1,1
Goths,1,3,4
acclaimed,10,9,19
defeated,3,3,6
Emperor,1,0,1
Emperor Trebonianus Gallus,2,0,2
Trebonianus Gallus,2,1,3
Valerian,0,1,1
proclaimed,8,7,15
Aemilian,2,1,3
army,0,1,1
Emperor Aemilian,1,0,1
fearful,0,5,5
civil war,1,1,2
Valerian,1,0,1
Valerian s larger force,1,0,1
mutinied,9,10,19
Aemilian,3,0,3
Spoletium,2,0,2
Sanguinarium,1,0,1
Sanguinarium bridge,1,1,2
Oriculum,2,0,2
Narnia,1,0,1
half way,0,1,1
Spoletium,2,0,2
recognized,1,3,4
Valerian,2,1,3
emperor,1,0,1
Meatpuppets,10,10,20
indefinitely,8,6,14
edit,1,0,1
on behalf of,2,1,3
behalf,1,4,5
Wikipedia,1,0,1
Wikipedia policy,1,0,1
policy,0,1,1
open proxies,2,1,3
proxies,10,10,20
without exception,1,0,1
exception,5,5,10
identified,0,2,2
usernames,4,1,5
conform,2,2,4
username,0,1,1
blocked indefinitely,1,0,1
indefinitely,3,1,4
regardless,1,7,8
regardless of,1,1,2
editing,1,0,1
behavior,1,2,3
reviewing,1,2,3
reviewing administrator,2,0,2
administrator,1,1,2
concludes,3,0,3
justified,2,1,3
unblocked,1,2,3
administrator,2,1,3
convinced,4,4,8
insert,1,2,3
replace,1,0,1
Insert,1,0,1
unblocked,2,1,3
Epidexipteryx,9,4,13
unique,3,5,8
arise,0,2,2
 membranous structure,1,0,1
membranous,9,5,14
membranous structure,6,2,8
structure,0,2,2
Epidexipteryx,2,1,3
unique,3,1,4
features,1,1,2
bears,1,1,2
overall,0,1,1
overall similarity,1,0,1
similarity,2,3,5
skull,1,1,2
Sapeornis,7,3,10
oviraptorosaurs,10,4,14
lesser,0,1,1
lesser extent,0,1,1
extent,2,2,4
therizinosauroids,10,4,14
Epidexipteryx,2,2,4
lacked,1,1,2
lacked remiges,0,1,1
remiges,10,5,15
Olympics,1,0,1
IV,1,0,1
olympiques,2,0,2
dhiver,1,0,1
multi-sport,2,3,5
multi-sport event,1,1,2
celebrated,0,3,3
market town,1,0,1
Garmisch-Partenkirchen,2,0,2
Garmisch-Partenkirchen in Bavaria,1,0,1
Nicopolis,1,1,2
Nicopolis Pompeii,0,1,1
Pompeii,1,1,2
Bondaroy,1,1,2
Pithiviers,2,2,4
Originally,0,1,1
gingerbread,3,8,11
zingiber,2,1,3
gingebras,1,0,1
referred,0,1,1
preserved,1,6,7
ginger,0,2,2
references,1,3,4
Vadstena,1,1,2
Vadstena Abbey,0,2,2
Abbey,1,0,1
Swedish,0,2,2
nuns,0,5,5
baking,0,2,2
ease,1,0,1
ease indigestion,0,1,1
indigestion,10,9,19
high humidity,0,1,1
humidity,5,5,10
rate,2,0,2
evaporation,7,6,13
sweat,0,1,1
decreases,1,2,3
photocopier,6,6,12
photocopier technician,3,0,3
technician,2,1,3
butcher,2,7,9
involved,0,2,2
graffiti,5,7,12
Bristol aerosol boom,0,2,2
aerosol,8,3,11
aerosol boom,1,1,2
boom,0,2,2
nominated,5,6,11
Documentary,3,0,3
billed,0,2,2
billed as,0,1,1
disaster,5,3,8
debut,4,2,6
Sundance,1,0,1
Sundance Film Festival,1,0,1
Occasionally,3,5,8
rarely,1,2,3
edited,1,1,2
intention,5,4,9
intention of registering,1,0,1
registering,3,1,4
registering an account,1,0,1
IP,1,0,1
IP address,1,0,1
IP address is blocked,2,0,2
blocked,0,1,1
requesting,2,1,3
unblocked,4,3,7
responsibility,4,0,4
violates,3,5,8
Wikipedia,2,0,2
blocking policy,1,0,1
otherwise,0,2,2
reversed,2,2,4
Wikipedia,1,0,1
administrators,5,1,6
damage,0,1,1
disruption,7,10,17
Wikipedia,1,0,1
lifted,2,3,5
disruption,4,3,7
vandalism,10,8,18
sockpuppetry,10,10,20
edit warring,4,8,12
warring,1,0,1
violating,2,1,3
violating the three-revert rule,1,1,2
three-revert,2,3,5
three-revert rule,2,3,5
spamming,3,8,11
conflict,0,1,1
conflict of interest,2,1,3
prohibited,4,7,11
username,1,0,1
spending,3,3,6
Royal,0,1,1
Royal Canadian Navy,3,1,4
Canadian,1,0,1
World War II,2,0,2
returned,1,1,2
NHL,2,0,2
season,1,2,3
leading,1,2,3
leading the league,0,1,1
league,5,4,9
goals,1,0,1
a Leaf,0,1,1
Leaf,0,1,1
led,0,2,2
League,2,0,2
season,1,0,1
Stewart,0,1,1
Calder Memorial Trophy,2,2,4
Memorial,4,2,6
Memorial Trophy,1,0,1
Trophy,2,1,3
beating,0,2,2
beating out,2,1,3
Maurice,1,2,3
Montreal,0,1,1
Montreal Canadiens,2,0,2
Canadiens,1,1,2
Stewart,0,1,1
won,0,1,1
Stanley,0,1,1
Stanley Cup,2,1,3
Maple,1,1,2
Maple Leafs,1,1,2
Born,0,1,1
Ontario,1,0,1
the minors,1,0,1
minors,7,5,12
Stanley Cup Finals,1,0,1
helped,0,1,1
Toronto,1,0,1
Maple Leafs,1,0,1
Leafs,0,1,1
Stanley Cup,1,0,1
orchestral,10,9,19
orchestral works,1,1,2
timpani,10,9,19
typically,3,1,4
set,0,1,1
Aboriginal,7,9,16
Aboriginal land rights,0,2,2
grants,1,1,2
Indigenous,10,7,17
Commonwealth,3,3,6
territory,6,3,9
land rights laws,1,0,1
laws,0,1,1
exist,1,0,1
grant,1,0,1
grant of land,0,1,1
Indigenous,4,0,4
conditions,0,1,1
schemes,10,2,12
Queensland,0,1,1
title,1,2,3
normally,1,0,1
held,0,1,1
community,3,0,3
organization,2,0,2
restrictions,7,3,10
dealing,0,1,1
dealing with,0,1,1
granted,0,3,3
claim,0,3,3
Dushku,0,1,1
starred,0,4,4
horror,2,1,3
independent,4,2,6
comedy-drama,3,1,4
Graves,0,3,3
horror-thriller,4,3,7
satanic,7,3,10
satanic game,0,2,2
co-starring,1,3,4
Vogel,0,1,1
Albanian,1,0,1
Korçë,1,0,1
Danish and English descent,1,0,1
descent,4,8,12
main character,1,0,1
character,1,2,3
Thacker,1,1,2
Thacker Case,1,0,1
Alphabet,3,0,3
Alphabet Killer,1,1,2
thrillers,4,3,7
real-life events,1,0,1
Schmidt,1,2,3
whom,1,1,2
grant,2,4,6
grant pulled out,0,1,1
pulled out,0,1,1
local morgue,0,1,1
morgue,10,7,17
discovers,1,0,1
re-live,2,3,5
previous,2,1,3
deceased,10,8,18
festival,3,0,3
concert,3,3,6
concert hall,1,2,3
destroyed,0,1,1
Festival,0,1,1
local venues,0,1,1
venues,4,7,11
rebuilt,1,3,4
Queen,1,0,1
festival,1,0,1
festival,1,0,1
operated,0,2,2
Aldeburgh,1,1,2
Aldeburgh Music,0,1,1
Britten-Pears,2,1,3
Young Artist Programme,0,1,1
Programme,3,1,4
Aldeburgh,1,1,2
Residencies,1,0,1
bespoke,9,9,18
bespoke training,1,3,4
development,0,1,1
development opportunities,2,0,2
opportunities,2,2,4
international,0,2,2
extensive,7,7,14
premières,10,10,20
Birtwistle,0,1,1
Birtwistle s,0,1,1
Punch,0,1,1
Io,1,0,1
Passion,0,1,1
Corridor,0,3,3
Elephants,4,0,4
molars,7,10,17
weighs,1,0,1
kg,1,0,1
measures,1,2,3
wears,0,3,3
drops,0,1,1
shifts,1,3,4
molars,0,1,1
molars emerge,2,0,2
emerge,8,4,12
mouth,0,1,1
starvation,10,10,20
tusks,5,9,14
firm,1,1,2
incisors,10,9,19
tusks,0,4,4
digging,1,5,6
stripping,4,7,11
bark,1,2,3
bark off,0,1,1
bark off trees,0,1,1
mating,1,3,4
mating season,1,2,3
defending,2,0,2
defending themselves,1,0,1
themselves,1,0,1
predators,10,9,19
Various,1,0,1
Various species,2,0,2
species,3,5,8
kauri,8,3,11
diverse,4,4,8
diverse resins,1,5,6
resins,7,2,9
kauri,1,0,1
kauri copal,3,1,4
copal,5,5,10
Manilla,1,0,1
Manilla copal,1,1,2
Dammar,1,0,1
Dammar gum,1,3,4
gum,0,1,1
Akilam,1,0,1
twenty-seventh,1,0,1
Tamil,2,0,2
Tamil month,0,1,1
Tamil month of Karthikai,1,0,1
Karthikai,4,0,4
CE,1,1,2
claims,0,2,2
commissioned,10,10,20
take dictation,0,2,2
dictation,7,8,15
Kali,1,0,1
Kali Yukam,3,1,4
Yukam,1,0,1
Iron Age,1,0,1
transforming,7,5,12
Dharma Yukam,0,2,2
faith,1,2,3
woven,3,4,7
woven together,0,1,1
historical,2,1,3
Ayya Vaikundar,1,0,1
reinterpretations,10,10,20
episodes,1,2,3
Puranas,1,0,1
mythologies,3,3,6
Itihasas,1,0,1
epics,0,1,1
gradual,2,0,2
gradual accumulation,1,1,2
accumulation,7,8,15
decayed,4,10,14
bog,3,8,11
bog functions,1,0,1
carbon sink,2,2,4
sink,0,3,3
bogs,1,0,1
mire,3,3,6
quagmire,7,7,14
quagmire and muskeg,1,0,1
muskeg,8,6,14
alkaline,7,3,10
alkaline mires,2,1,3
mires,0,1,1
fens,5,4,9
mire,1,1,2
accumulates,2,1,3
peat,2,8,10
deposit,1,0,1
material-often,1,1,2
mosses,0,6,6
majority of cases,1,0,1
sphagnum,3,1,4
sphagnum moss,1,3,4
moss,0,1,1
Creatine,4,1,5
essential,1,1,2
essential nutrient,2,0,2
nutrient,1,3,4
L-arginine,3,0,3
glycine,1,0,1
L-methionine,2,0,2
expatriates,7,10,17
infrastructure,4,8,12
University,1,0,1
well-equipped,1,1,2
facilities,2,1,3
Wikipedia admins,1,0,1
admins,1,2,3
absolutely,4,3,7
sockpuppetry,10,10,20
abusive,4,2,6
abusive users,0,1,1
devious,8,10,18
attempting,1,0,1
evade,6,7,13
detection,4,1,5
Checkuser,0,3,3
Checkuser tool,3,0,3
blocked,0,1,1
linguistic,8,4,12
linguistic peculiarities,5,3,8
peculiarities,10,7,17
quacks,2,3,5
quacks like a duck,1,2,3
blocked,0,1,1
blocked editor,1,0,1
editor,1,0,1
responsible,1,0,1
convincing,6,4,10
convincing administrators,0,1,1
administrators,2,0,2
unblock,1,0,1
user talk page,1,0,1
Insert,0,1,1
traditional,0,2,2
traditional metals,1,0,1
lanthanides,10,7,17
"lanthanides , actinides , and semimetals",1,0,1
actinides,0,7,7
semimetals,9,5,14
elements,1,0,1
boron,2,2,4
"boron , silicon , arsenic , and selenium",1,0,1
silicon,1,0,1
arsenic,3,1,4
selenium,8,1,9
organometallic,10,9,19
organometallic compounds,1,3,4
compounds,2,2,4
organoborane,7,4,11
organoborane compounds,0,1,1
compounds,1,1,2
triethylborane,6,4,10
metal-carbon,2,0,2
metal-carbon bond,0,1,1
organometallic,3,1,4
organometallic compounds,0,1,1
compounds,2,0,2
character intermediate,1,0,1
intermediate,3,7,10
ionic,5,2,7
ionic and covalent,1,1,2
covalent,10,8,18
tallest,0,1,1
tenth,0,1,1
tallest,0,1,1
tallest,0,1,1
tallest,0,1,1
pinnacle,8,9,17
pinnacle height,1,1,2
height,2,0,2
Interstate,0,1,1
skyscraper,3,7,10
downtown,0,4,4
museum,1,3,4
located,0,1,1
lower cloister,1,0,1
cloister,10,10,20
Quito sculptors,1,1,2
sculptors,4,7,11
Dominic de Guzmán,1,0,1
Caspicara,2,1,3
Aquinas,2,0,2
Legarda,2,0,2
arch,0,2,2
dome,0,3,3
decorated,0,1,1
frescoes,10,10,20
biblical,2,2,4
featuring,0,1,1
archangels,8,3,11
Francisco Albán,2,0,2
Agustín de la Herrán Matorras,2,0,2
commissioned,8,5,13
religious,3,0,3
religious order,1,0,1
Oblates,3,3,6
metres,1,0,1
aluminum,4,1,5
aluminum monument,1,0,1
monument,2,5,7
madonna,2,1,3
assembled,2,3,5
pedestal,5,10,15
Panecillo,3,1,4
Historic Centre of Quito,1,0,1
Quito,1,0,1
hectares,4,1,5
historic,1,1,2
historic areas,0,1,1
Australian,0,1,1
jurist,10,9,19
current,0,1,1
born,0,1,1
Lithuania,0,1,1
migrated,10,9,19
Salzburg,0,1,1
commenced,10,8,18
schooling,2,1,3
migrated,3,3,6
schooling,2,2,4
admitted,2,2,4
admitted to practice,1,0,1
practice,0,1,1
signed,0,1,1
Counsel,2,2,4
barrister,9,6,15
practising,2,2,4
commercial,1,2,3
commercial law,0,1,1
equity,4,8,12
Chairman,0,1,1
Australian Bar Association,1,0,1
Bar Association,0,1,1
Law Council,0,1,1
co-author,2,4,6
Robert Brooking,0,1,1
Tenancy,2,1,3
Tenancy Law,1,1,2
edition,1,1,2
succeeded,8,6,14
Macedon,0,1,1
throne,3,1,4
assassinated,10,10,20
intent,3,4,7
intent to conquer,0,1,1
conquer,5,5,10
entirety,8,4,12
Persian,1,0,1
Persian Empire,1,0,1
throwing,0,1,1
spear,0,6,6
soil,1,2,3
accepted,0,1,1
Fearing,0,1,1
the prospect of,1,0,1
prospect,4,3,7
exhausted,8,8,16
campaigning,8,2,10
mutinied,10,10,20
Hyphasis,1,1,2
political youth organization,1,0,1
political,0,1,1
elections,1,0,1
Czech,1,1,2
Czech pronunciation,1,0,1
pronunciation,3,1,4
ˈalfons ˈmuxa,1,0,1
Czech,0,1,1
Art Nouveau,3,0,3
Art Nouveau painter,2,0,2
Nouveau,1,1,2
Nouveau painter,0,1,1
decorative,2,2,4
decorative artist,3,0,3
distinct,6,5,11
distinct style,0,1,1
Vishnu,0,1,1
narrating,7,9,16
consort,8,10,18
Lakshmi,1,1,2
Citar,0,1,1
Akilam,2,0,2
claimed,1,2,3
contents,0,1,1
woke up,0,1,1
as usual,1,0,1
Vaikundar,1,0,1
tied-up,0,4,4
tied-up palm leaf manuscript,1,0,1
palm,1,0,1
palm leaf manuscript,1,1,2
manuscript,6,10,16
unfolded,1,7,8
Akilam,1,0,1
Ayyavazhi,2,0,2
preached,3,3,6
Citars,1,1,2
far and wide,0,1,1
Western alchemy,0,1,1
alchemy,8,5,13
protoscience,10,10,20
contributed,1,1,2
development,1,0,1
chemistry,1,1,2
alchemists,5,6,11
chemical,1,0,1
industries,1,0,1
day-ore,1,4,5
refining,2,1,3
metalworking,1,2,3
production,0,2,2
gunpowder,1,1,2
dyes,0,1,1
cosmetics,2,0,2
leather tanning,2,1,3
tanning,0,2,2
ceramics,2,0,2
manufacture,1,0,1
preparation,1,0,1
preparation of extracts,1,0,1
extracts,5,3,8
 liquors,1,0,1
liquors,2,0,2
aqua vitae,7,3,10
vitae,0,1,1
experiment,1,0,1
alchemists,2,1,3
According,1,0,1
author,1,0,1
graphic,2,1,3
graphic designer,3,3,6
designer,2,1,3
Tristan Manco,1,0,1
Banksy,1,0,1
raised,0,2,2
underground,0,4,4
underground scene,4,0,4
scene,1,0,1
involved,0,1,1
collaborations,10,7,17
photographs,1,1,2
reproductions,5,3,8
street graffiti,2,1,3
graffiti,4,7,11
art auctioneers,1,1,2
auctioneers,10,10,20
attempt,1,1,2
removal,0,1,1
winning bidder,0,1,1
bidder,1,7,8
satirical,10,9,19
subversive,10,6,16
subversive epigrams,5,3,8
epigrams,10,5,15
humor,1,0,1
graffiti,2,2,4
executed,1,0,1
distinctive,5,0,5
distinctive stencilling,0,1,1
stencilling,5,7,12
stencilling technique,2,2,4
technique,1,0,1
contempt,1,4,5
labeling,0,2,2
graffiti,1,1,2
vandalism,8,8,16
physical prop pieces,1,0,1
prop,2,2,4
prop pieces,0,1,1
national,2,0,2
national decoration,1,0,1
decoration,6,5,11
awarded,0,3,3
decree,7,10,17
awarded,0,2,2
Grand Cordon,0,1,1
Grand Cordon with Paulownia Flowers,1,0,1
Paulownia,2,1,3
Paulownia Flowers,0,1,1
abolished,10,10,20
modern version,0,1,1
version,3,1,4
honor,0,1,1
conferred,9,10,19
non-Japanese,0,1,1
non-Japanese recipients,0,1,1
recipients,9,5,14
foreigners,5,2,7
honor,2,1,3
awarded,0,1,1
previously,0,2,2
awarded,0,1,1
Precious,2,1,3
Precious Crown,0,1,1
object,1,0,1
Teide,2,0,2
Pleiades,3,3,6
Pleiades open cluster,2,2,4
open cluster,2,0,2
cluster,3,10,13
Al -  Ain,1,0,1
located,1,1,2
the Emirate of Abu Dhabi,1,0,1
Emirate,1,1,2
Emirate of Abu Dhabi,2,0,2
inland,5,6,11
border,0,1,1
a higher proportion,1,0,1
higher proportion,2,1,3
proportion,10,5,15
Emirati,1,1,2
Emirati nationals,4,0,4
elsewhere,3,1,4
majority,1,1,2
residents,1,2,3
expatriates,10,10,20
expatriates particularly,2,0,2
particularly,2,0,2
Indian sub-continent,2,0,2
sub-continent,4,5,9
performance,2,1,3
Tallari,1,0,1
Best Newcomer,1,0,1
Newcomer,0,1,1
ensured,6,8,14
selection,1,0,1
moved,1,0,1
Hartford Wolf Pack,2,0,2
Wolf Pack,1,0,1
farm team,1,0,1
career,1,2,3
Niagara,0,1,1
Niagara University,1,0,1
where he was team s,1,0,1
senior,1,2,3
senior captain,1,0,1
professional,3,3,6
professional ice hockey player,1,0,1
ice hockey,1,0,1
ice hockey player,1,0,1
occupy,2,0,2
mass,1,1,2
mass range,1,0,1
range,0,2,2
heaviest,1,2,3
gas giants,3,1,4
lightest,0,2,2
upper,0,1,1
Jupiter,1,1,2
masses,1,0,1
High-quality spectral data,1,0,1
spectral,8,4,12
spectral data,4,3,7
acquired,3,3,6
Keck,1,0,1
telescope,2,2,4
Teide,1,0,1
initial,4,0,4
lithium,7,2,9
original,0,1,1
original molecular cloud,0,1,1
molecular,7,1,8
molecular cloud,3,1,4
Pleiades,4,0,4
thermonuclear,7,3,10
thermonuclear fusion,6,4,10
fusion,1,2,3
core,0,4,4
brown dwarfs,1,2,3
dwarfs,5,6,11
substantially,9,5,14
incontrovertible,10,6,16
incontrovertible substellar,2,3,5
incontrovertible substellar objects,1,0,1
substellar,7,3,10
substellar objects,1,1,2
Gliese,1,0,1
presence,1,0,1
lithium,2,0,2
Nonetheless,3,1,4
school of thought,1,0,1
formation,1,1,2
physics,1,0,1
interior,1,2,3
Currently,1,2,3
marketed,3,6,9
Luxembourg,2,0,2
majority,3,1,4
majority of its consumers,1,0,1
consumers,3,1,4
non-athletes,2,2,4
Aquarius,5,2,7
available,0,1,1
flavors,0,3,3
Blend,0,1,1
archivist,10,2,12
AR-kiv-ist,2,0,2
AR-kive-ist,1,0,1
professional,1,4,5
assesses,9,6,15
organizes,2,1,3
preserves,3,6,9
maintains,0,1,1
provides,1,0,1
provides access to,1,0,1
access,1,0,1
determined,2,5,7
long-term,1,2,3
long-term value,1,1,2
information,0,1,1
maintained,2,2,4
archivist,7,4,11
media,2,0,2
photographs,1,0,1
recordings,0,1,1
electronic,1,0,1
electronic records,2,0,2
Diffraction,10,10,20
occurs,1,0,1
electromagnetic,10,4,14
electromagnetic waves,0,1,1
waves,0,1,1
visible,1,0,1
X-rays,1,1,2
radio waves,1,0,1
co-founded,4,1,5
Oracle,1,0,1
Oracle Corporation,1,0,1
Software,1,1,2
Software Development Laboratories,2,0,2
Development,1,0,1
Laboratories,2,0,2
Chairman,0,1,1
Chairman of the Board,4,1,5
Board,0,2,2
replacement,1,6,7
Associated,1,0,1
Associated Press,1,0,1
ranked,0,3,3
top-paid,1,4,5
top-paid chief executive,0,1,1
chief executive,2,0,2
executive,2,2,4
database,5,4,9
database development,1,0,1
development,0,2,2
middle-tier,6,7,13
middle-tier software,2,0,2
software,0,1,1
enterprise,5,2,7
enterprise resource planning,3,1,4
resource,0,1,1
resource planning,0,1,1
software,1,0,1
customer relationship management,1,1,2
supply,0,1,1
supply chain,2,0,2
supply chain management,3,0,3
management,1,0,1
Sir Andrew Fielding Huxley,1,0,1
Fielding,0,1,1
Nobel Prize-winning,3,0,3
physiologist,10,10,20
biophysicist,10,9,19
shared,0,1,1
cited,4,1,5
research,2,1,3
synapses,10,10,20
hypothesize,10,7,17
existence,6,1,7
ion,2,0,2
ion channels,2,2,4
channels,1,1,2
isolated,3,3,6
decades,0,5,5
Angers,0,2,2
proper,1,0,1
population,0,1,1
inhabitants,8,7,15
metropolitan,7,2,9
metropolitan area,0,1,1
well known,0,1,1
seat,0,2,2
cultural,1,1,2
cultural events,1,0,1
festival,1,0,1
Premiers,0,2,2
Tour de Scènes,2,0,2
concerts,2,1,3
Les Accroche-Coeurs,2,0,2
Accroche-Coeurs,1,1,2
Le Havre,2,0,2
stationery,10,10,20
picture frames,0,2,2
frames,0,1,1
budɛ̃,1,0,1
landscape,6,5,11
landscape painters,0,2,2
outdoors,0,2,2
Angara,1,0,1
rocket,0,1,1
rocket family,0,1,1
space-launch,5,6,11
space-launch vehicles,1,0,1
vehicles,2,0,2
Production,1,0,1
Space Center,0,1,1
launch,0,1,1
launch pad,1,4,5
pad,0,1,1
launching,4,0,4
versions,1,2,3
except,1,1,2
Angara,1,0,1
Angara,1,0,1
vehicles,1,0,1
modular,9,6,15
modular design,3,2,5
module,3,1,4
Universal,0,1,1
Universal Rocket Module,1,0,1
Module,1,0,1
Angara,1,0,1
expected,0,1,1
launch,0,1,1
scheduled,3,5,8
Plesetsk,1,0,1
Plesetsk Cosmodrome,5,1,6
Cosmodrome,1,4,5
According,1,0,1
According to,0,1,1
U.S. Census,1,0,1
Census,4,6,10
Census estimates,1,1,2
estimates,9,3,12
population,3,2,5
As of,0,1,1
census,4,1,5
households,3,6,9
residing,6,2,8
KCB,0,1,1
KCVO,0,1,1
FSA,0,1,1
long-serving,3,5,8
long-serving officer,0,1,1
officer of arms,2,0,2
arms,1,0,1
originated,7,6,13
introduced,1,2,3
grapefruit-flavored,3,9,12
sports drink,1,0,1
response,2,1,3
competitor,4,4,8
competitor s,3,0,3
competitor s brand,0,1,1
brand,0,1,1
Pocari,1,0,1
Pocari Sweat,1,0,1
Sweat,0,1,1
introduced,5,0,5
official,0,3,3
official drink,1,1,2
Summer Olympics,1,0,1
discovery,1,1,2
deuterium-burning,10,5,15
deuterium-burning down,1,0,1
solar masses,3,1,4
masses,0,1,1
impact,0,2,2
dust,0,1,1
formation,1,2,3
outer,0,1,1
atmospheres,4,3,7
brown dwarfs,3,1,4
dwarfs,2,10,12
brought,0,1,1
theories,3,1,4
establish,1,0,1
spectral,9,6,15
spectral class,2,3,5
dwarfs,2,1,3
T dwarfs,1,0,1
dwarfs,0,1,1
Gliese,1,0,1
prototype,10,8,18
Remarkably,0,2,2
near-infrared,3,1,4
near-infrared spectrum,4,2,6
spectrum,3,3,6
exhibited,3,3,6
methane,4,2,6
methane absorption band,1,0,1
absorption,2,3,5
absorption band,0,1,1
micrometres,3,2,5
feature,0,1,1
atmospheres,1,1,2
coolest dwarf,1,0,1
dwarf,0,2,2
significant,4,4,8
debated,0,1,1
debated whether GD,0,1,1
classified,1,0,1
dwarf,2,1,3
very-low-mass star,1,0,1
observationally,7,7,14
difficult to distinguish,1,0,1
distinguish,4,3,7
notable,7,9,16
notable film,0,1,1
notable film roles,1,0,1
Minnesota Fats,1,0,1
Hustler,0,1,1
starring,1,1,2
Smokey,0,1,1
Bandit,0,1,1
series,0,2,2
HCL,3,1,4
usually,1,0,1
usually consists,0,1,1
consists of,1,0,1
containing,1,1,2
cathode,0,9,9
anode,10,9,19
buffer,5,9,14
buffer gas,5,2,7
noble gas,5,1,6
career NHL games,1,0,1
scoring,1,0,1
assists,1,2,3
hospital,1,0,1
"Burlington , Ontario",1,0,1
professional,1,6,7
professional ice hockey forward,2,0,2
hockey forward,1,0,1
Original Six teams,1,0,1
except,0,2,2
competing,3,5,8
competing physical effects,1,0,1
physical,1,0,1
physical effects,2,0,2
gravity,4,0,4
ground,0,1,1
heat content,0,1,1
content,0,1,1
molecules,10,5,15
bounce,1,1,2
bounce off,1,2,3
flight deck,2,2,4
definitive,6,8,14
definitive instrument,3,0,3
altitude,5,6,11
pressure altimeter,5,2,7
altimeter,7,5,12
aneroid,7,4,11
aneroid barometer,8,4,12
barometer,4,2,6
indicating,2,1,3
metres,1,0,1
instead,0,1,1
atmospheric,4,4,8
atmospheric pressure,3,0,3
adapt,1,2,3
high altitude,0,1,1
altitude,2,0,2
adjusting,1,0,1
blood chemistry,2,1,3
chemistry,3,0,3
lower pressure,1,0,1
expands,1,0,1
rises,0,1,1
taught,2,3,5
English literature,1,0,1
literature,5,3,8
private,2,1,3
church-run,4,3,7
sharp,0,1,1
curved,0,1,1
curved claws,2,2,4
claws,1,5,6
suction,4,4,8
suction cups,4,3,7
squid,0,4,4
squid tentacles,6,2,8
tentacles,7,6,13
rubber coating,1,0,1
coating,0,1,1
hull,5,7,12
Stein,1,0,1
kraken,10,1,11
legendary,3,6,9
legendary tentacled,1,1,2
tentacled,3,0,3
monster,1,1,2
sightings,1,5,6
giant,1,0,1
squid,1,0,1
fishing vessel,0,1,1
vessel,1,2,3
colossal,10,7,17
colossal squid,1,1,2
weighing,1,1,2
majority,3,0,3
giant,0,1,1
Advanced Audio Coding,2,0,2
Coding,1,1,2
standardized,9,8,17
lossy,2,4,6
lossy compression,6,2,8
compression,5,2,7
encoding,6,4,10
encoding scheme,3,1,4
scheme,5,1,6
digital,1,0,1
digital audio,1,0,1
mainstream,7,8,15
AAC,0,1,1
firmware,3,8,11
firmware update,1,0,1
iPods,0,1,1
major scale,1,0,1
pitches,1,5,6
Neapolitan,3,6,9
Neapolitan sixth chord,2,1,3
sixth chord,1,0,1
chord,5,2,7
flat,0,2,2
natural accidental,4,0,4
accidental,3,3,6
symphonic,8,6,14
symphonic literature,4,1,5
literature,2,0,2
sharper,0,1,1
sharper keys,1,1,2
symphonies,3,1,4
numerous,7,3,10
Shakespeare,0,1,1
comedies,1,1,2
include,0,1,1
instances,6,5,11
overt,7,4,11
overt cross-dressing,0,4,4
cross-dressing,8,9,17
Flute,0,1,1
Midsummer,0,2,2
appeared,0,3,3
hit,0,2,2
Mrs. Doubtfire,1,0,1
respectively,7,1,8
dressed,1,1,2
Academy,1,0,1
Best Supporting,0,1,1
Best Supporting Actress,1,0,1
Supporting,0,2,2
Supporting Actress,0,1,1
Dangerously,1,2,3
von Henselt,1,0,1
German composer,0,1,1
composer,7,5,12
composer and pianist,0,1,1
pianist,7,6,13
Seoul Games,1,0,1
Relay,0,3,3
silver,0,1,1
events,0,1,1
continued,1,1,2
Académie,1,1,2
Académie Julian,1,0,1
Académie Julian and Académie Colarossi,1,0,1
Académie Colarossi,0,1,1
Colarossi,2,0,2
happened,1,1,2
print,0,1,1
print shop,2,3,5
sudden,0,1,1
sudden and unexpected,0,1,1
unexpected,3,8,11
advertising,3,3,6
advertising poster,1,2,3
play,1,0,1
featuring,0,6,6
Bernhardt,1,0,1
Théâtre,0,1,1
Théâtre de la Renaissance,1,0,1
Renaissance,4,3,7
Boulevard Saint-Martin,1,0,1
volunteered,3,9,12
produce,1,0,1
lithographed,10,10,20
lithographed poster,1,5,6
advertisement,3,1,4
Gismonda,1,0,1
attracted,2,1,3
attention,0,2,2
satisfied,2,1,3
success,0,1,1
poster,0,1,1
contract,0,2,2
refers,2,2,4
regardless,9,7,16
increasingly,3,3,6
increasingly preferred,3,1,4
preferred,2,4,6
specifically,5,3,8
recorded,0,2,2
performing,1,0,1
determine,4,3,7
performer,1,2,3
Thespis,1,0,1
stepped,0,3,3
Theatre,1,0,1
Theatre Dionysus,2,0,2
Dionysus,0,1,1
character,3,1,4
Thespis,0,2,2
Thespis  act,1,0,1
third person,1,0,1
third person narrative,2,0,2
narrative,10,9,19
ancient,2,2,4
medieval,10,6,16
medieval world,1,0,1
disgraceful,8,9,17
belief,1,1,2
persisted,10,10,20
century,1,0,1
The first festival,0,1,1
festival,2,1,3
Aldeburgh,0,1,1
Aldeburgh Jubilee Hall,1,1,2
Jubilee,0,1,1
Britten s house,1,0,1
Crabbe Street,0,1,1
main venue,0,1,1
venue,7,3,10
featured,1,8,9
performance,3,7,10
Opera,0,1,1
newly-written,0,2,2
St. Nicolas cantata,1,0,1
cantata,5,0,5
op,1,0,1
performances,1,1,2
Curzon,1,1,2
String,0,1,1
String Quartet,0,1,1
Quartet,1,0,1
festival,2,0,2
grew,1,2,3
additional,3,1,4
additional venues,1,1,2
venues,2,8,10
Aldeburgh,1,0,1
venues,3,3,6
nearby,0,3,3
Blythburgh,1,1,2
Framlingham,1,1,2
concert,6,6,12
concert hall,0,1,1
hall,0,1,1
twentieth,0,2,2
twentieth Aldeburgh Festival,1,0,1
Aldeburgh Festival,1,0,1
Festival,1,0,1
Repentant,10,9,19
Repentant and rededicated,3,1,4
rededicated,10,9,19
heroine,10,1,11
episodes,1,4,5
Angel,1,0,1
episodes,2,0,2
starred,1,1,2
character,2,0,2
medical,1,0,1
medical student,2,0,2
Tru Davies,1,0,1
landed,3,2,5
alongside,5,4,9
daughter,1,1,2
roles,2,2,4
television movie,1,0,1
completing,1,0,1
role of Faith,0,1,1
Faith,1,0,1
Buffy,0,1,1
Buffy the Vampire Slayer,1,0,1
Vampire,1,1,2
Vampire Slayer,2,1,3
troubled,1,4,5
character,2,0,2
Buffy,1,0,1
Teixeira,1,0,1
leading,0,1,1
liquidation,10,10,20
FIA,1,0,1
management,2,1,3
management structure,4,3,7
structure,0,1,1
executive,4,2,6
executive directors,2,1,3
Teixeira,1,1,2
appointed,1,1,2
appointed to oversee,1,0,1
to oversee,1,0,1
oversee,4,4,8
oversee the sale,0,1,1
franchises,9,9,18
operation,2,0,2
operation of international teams,1,0,1
inaugural,10,10,20
inaugural race,0,2,2
race,0,1,1
crowned,2,5,7
first-ever,1,0,1
Grand Prix world champions,1,0,1
schedule,0,4,4
released,0,2,2
Circuit Park Zandvoort,1,0,1
Zandvoort,2,0,2
Brands,0,1,1
Brands Hatch,1,0,1
Hatch,0,1,1
prime,4,2,6
prime number,4,4,8
prime,0,1,1
oddest,3,4,7
oddest prime,1,0,1
base,2,0,2
simplest,0,1,1
simplest numeral system,1,0,1
numeral,7,1,8
numeral system,1,3,4
natural numbers,1,1,2
written,0,1,1
concisely,10,10,20
length,1,0,1
logarithm,10,10,20
value,1,0,1
whereas,1,0,1
binary,8,4,12
binary system,4,3,7
Harju,1,0,1
County,0,1,1
Estonian,2,0,2
Harjumaa,3,0,3
Harria,1,0,1
Estonia,2,0,2
Mercuric,1,1,2
Mercuric chloride,8,3,11
chloride,1,2,3
occasionally,4,2,6
amalgam,10,10,20
aluminium,3,1,4
altitude,10,4,14
height above sea level,0,1,1
geography,5,1,6
elevation,8,5,13
preferred,2,4,6
usage,4,1,5
statuette,10,10,20
mask,0,1,1
mask of comedy,0,1,1
comedy,0,1,1
mask of tragedy,1,1,2
tragedy,1,3,4
SAG,1,0,1
SAG awards,1,0,1
awards,0,1,1
aired,0,4,4
aired live,0,1,1
Auditorium,1,0,1
subsequent,10,6,16
held,0,2,2
Shrine,0,1,1
Shrine Exposition,1,0,1
Shrine Exposition Center,1,0,1
Exposition,6,4,10
inaugural,10,4,14
aired,1,1,2
Universal,1,0,1
Universal Studios,0,1,1
cast,1,5,6
bronze,4,0,4
Foundry,1,2,3
Aerospace,7,3,10
Aerospace engineering,4,0,4
engineering,3,0,3
primary,0,2,2
primary branch,1,0,1
branch,0,3,3
engineering,1,0,1
concerned,2,4,6
design,1,0,1
construction,1,2,3
science,1,0,1
aircraft,0,4,4
spacecraft,1,6,7
commonly,1,0,1
genus,6,6,12
Cuvier,0,1,1
spelled,0,3,3
Loxodonte,6,1,7
anonymous,8,8,16
romanized,10,10,20
spelling,0,1,1
Loxodonta,1,1,2
International Code of Zoological Nomenclature,1,0,1
Zoological,1,0,1
Nomenclature,5,2,7
recognizes,0,3,3
proper authority,2,0,2
authority,1,1,2
Fossil,5,4,9
Fossil members,0,1,1
Loxodonta,1,1,2
developed,0,1,1
middle Pliocene,0,1,1
Pliocene,1,4,5
stand,0,1,1
shoulder,1,0,1
natural beauty,1,0,1
attracting,1,1,2
tourists,2,1,3
overseas,2,8,10
Oriente,2,1,3
Oriente province,1,1,2
province,8,3,11
prior,1,1,2
Santiago de Cuba,2,0,2
economy,1,1,2
relies,2,1,3
agriculture,4,1,5
large plantations,1,0,1
plantations,9,5,14
cacao,1,0,1
coffee dotting the landscape,1,0,1
dotting,1,6,7
landscape,1,1,2
organometallic,10,6,16
organometallic compounds,4,6,10
compounds,2,0,2
Gilman reagents,2,2,4
reagents,5,3,8
lithium,3,0,3
lithium and copper,1,0,1
copper,0,2,2
hemoglobin,10,2,12
myoglobin,10,2,12
coordinated,1,4,5
nitrogen,2,0,2
nitrogen atoms,0,1,1
porphyrin,8,4,12
porphyrin ring,1,3,4
magnesium,3,2,5
chlorin,4,0,4
chlorin ring,1,1,2
chlorin ring in chlorophyll,1,0,1
chlorophyll,5,1,6
Organometallic,4,2,6
Organometallic chemistry,1,2,3
chemistry,1,0,1
chemical compounds,1,0,1
compounds,0,2,2
bonds,1,3,4
request,0,2,2
change in username,1,0,1
username,3,1,4
bureaucrat,10,10,20
bureaucrat access,2,0,2
access,1,1,2
abbreviations,10,9,19
policies,0,1,1
policies and guidelines,1,0,1
guidelines,0,2,2
blocking administrator,4,2,6
administrator,4,1,5
believes,0,1,1
violated,8,2,10
Whichever,0,1,1
proposed,2,0,2
quandary,10,10,20
improperly,4,2,6
sockpuppetry,10,10,20
confirmed,1,1,2
engaged,2,3,5
engaged in the practice,1,0,1
unblock,2,1,3
Oracle,1,0,1
Oracle Corporation,1,0,1
Corporation,0,1,1
arose,3,4,7
C programming,1,0,1
C programming language,1,0,1
programming,2,1,3
programming language,1,0,1
language,2,0,2
implement,10,10,20
IBM,1,0,1
System R,1,0,1
System R database,1,0,1
database,3,6,9
Research Journal,0,1,1
Journal,0,2,2
future,1,0,1
co-founder,0,1,1
derived,7,4,11
Codd s,1,0,1
Codd s theories,1,2,3
theories,3,0,3
compatible,4,7,11
keeping,0,2,2
error,1,2,3
error codes,3,1,4
DBMS,1,0,1
inspiration,5,8,13
Edgar,0,1,1
relational,3,1,4
relational database,1,1,2
relational database management systems,2,0,2
database,1,0,1
database management systems,0,1,1
management,2,1,3
Relational,3,2,5
Relational Model,1,0,1
Model,0,1,1
Shared Data Banks,0,1,1
Data Banks,1,1,2
co-founder,1,2,3
served,1,1,2
CEO,2,0,2
CEO throughout,0,1,1
throughout,0,3,3
Archivists,10,9,19
enduring,7,10,17
reliable,6,5,11
reliable memories,0,1,1
memories,1,1,2
information,0,1,1
Archivists,2,1,3
valuable,0,3,3
justify,5,1,6
storage,0,2,2
preservation,8,5,13
labor,0,2,2
labor intensive,3,1,4
labor intensive expenses,1,0,1
intensive,6,2,8
expenses,1,0,1
arrangement,3,5,8
"arrangement , description , and reference service",1,0,1
description,1,1,2
reference,1,3,4
reference service,2,1,3
Voruzhonnije Síly Rossíyskoj Federátsii,1,1,2
established,1,3,4
dissolution,10,9,19
officially,0,1,1
dissolved,3,1,4
limbo,8,6,14
appointed,3,2,5
defense,1,2,3
crucial,5,7,12
crucial step,0,1,1
Art Nouveau,6,1,7
Nouveau,3,0,3
attempted,1,3,4
disassociate,10,10,20
throughout,1,3,4
insisted,0,4,4
maintaining,1,1,2
fashionable,2,3,5
fashionable stylistic,0,1,1
fashionable stylistic form,2,2,4
stylistic,5,1,6
Czech,2,0,2
communicate,1,1,2
spiritual,6,3,9
spiritual message,3,1,4
hence,1,3,4
frustration,4,8,12
fame,1,0,1
gained,0,1,1
commercial,1,0,1
commercial art,3,0,3
concentrate,4,3,7
artistic,1,1,2
artistic projects,0,1,1
American Lacrosse Conference,1,0,1
Lacrosse,2,0,2
lacrosse-only,6,4,10
conference,2,2,4
leadership,0,1,1
Borislav Stanković,1,0,1
FIBA,1,0,1
NBA,1,0,1
compete,0,1,1
international,1,0,1
international tournaments,2,0,2
tournaments,1,8,9
masterpiece,10,10,20
Selimiye,3,0,3
Mosque,1,0,1
Edirne,1,0,1
famous,1,0,1
Suleiman,1,0,1
Koca Mi m âr Sinân Âğâ,2,0,2
Ottoman,1,0,1
Ottoman Turkish,1,0,1
Turkish : معمار سينان,1,0,1
معمار سينان,1,0,1
Mimar Sinan,1,0,1
pronounced,5,2,7
miːˈmaːɾ siˈnan,2,0,2
Ottoman architect,1,1,2
architect,4,3,7
civil engineer,5,1,6
engineer,1,1,2
sultans,7,1,8
Suleiman,1,0,1
Magnificent,2,3,5
Reloaded,1,2,3
science fiction,1,3,4
science fiction action film,1,0,1
fiction,1,4,5
action,1,0,1
installment,5,5,10
Matrix,0,1,1
Matrix trilogy,1,0,1
trilogy,7,2,9
Wachowski,2,0,2
awarding,0,1,1
administered,7,6,13
Decoration,2,0,2
Decoration Bureau,2,0,2
Bureau,4,0,4
Team,0,1,1
Team Germany,1,0,1
lead,0,1,1
lead ahead,0,2,2
ahead,0,2,2
Team New Zealand,1,0,1
season,1,0,1
Powered,1,1,2
Powered by Ferrari,2,1,3
Ferrari,1,2,3
opening round,1,0,1
round,0,1,1
season,0,2,2
scheduled,9,10,19
well established,2,1,3
established,6,5,11
Nikon,1,1,2
Nikon SuperGP race meeting,1,0,1
SuperGP,1,0,1
race meeting,0,1,1
canceled,4,2,6
practice,2,0,2
due,0,1,1
series,0,2,2
thrown,0,3,3
doubt,4,0,4
races,0,1,1
canceled,2,1,3
announcement,10,4,14
stating,1,0,1
China and Malaysia,1,0,1
Malaysia,1,0,1
hopes,0,1,1
series,3,2,5
in doubt,1,0,1
doubt,2,3,5
Sites,1,0,1
rejected,4,2,6
shortlisting,8,10,18
shortlisting phase,3,1,4
phase,1,2,3
announced,1,2,3
regional,2,1,3
regional casino,2,1,3
casino,3,4,7
built,0,1,1
City of Manchester Stadium,1,0,1
Stadium,1,0,1
regarded,3,2,5
Blackpool,0,1,1
Millennium,0,2,2
Millennium Dome,1,1,2
Dome,0,1,1
bids,1,6,7
whom,1,1,2
regarded,1,2,3
favorites,0,4,4
regional,1,0,1
casino,1,0,1
initially,4,1,5
initially proposed,0,1,1
proposed,2,1,3
scrapped,9,10,19
government,2,0,2
Prime Minister,3,0,3
comedian,2,2,4
Afterwards,3,4,7
belonged,1,5,6
duchy,7,5,12
Mecklenburg-Schwerin,1,0,1
portion,1,0,1
duchy,3,2,5
district,1,0,1
Güstrow,1,1,2
established,5,4,9
merging,6,8,14
districts,3,0,3
Güstrow,1,0,1
Teterow,1,0,1
Bützow,1,0,1
present-day,2,2,4
district,1,0,1
occupied,3,2,5
duchy,2,3,5
Mecklenburg-Güstrow,1,0,1
police station,1,0,1
Hauser,1,0,1
occasions,4,3,7
awakened,6,8,14
straw,4,9,13
straw was changed,1,0,1
nails,0,2,2
cavalryman,10,10,20
invited,1,2,3
to hang,0,1,1
hang,0,2,2
chromatophores,10,10,20
enable,1,2,3
squid,2,4,6
surroundings,1,4,5
practically,0,1,1
practically invisible,2,0,2
invisible,1,2,3
Squid,1,1,2
cuttlefish,4,5,9
arranged,0,4,4
tentacles,7,7,14
construction,0,1,1
Italian Renaissance,1,0,1
Italian Renaissance style,0,1,1
Renaissance,6,5,11
Renaissance style,1,0,1
El Sagrario,1,0,1
colonial,2,5,7
colonial times,1,1,2
architectural,6,4,10
architectural marvels,2,0,2
marvels,4,10,14
monumental,4,6,10
monumental buildings,1,1,2
hosts,0,1,1
pictorial,4,4,8
pictorial art,1,2,3
sculpture,0,2,2
inspired,0,1,1
multi-faceted,8,10,18
municipal,5,0,5
municipal inventory,1,2,3
inventory,2,2,4
heritage,5,10,15
heritage properties,2,0,2
moved,0,1,1
Europe,0,1,1
signing,3,3,6
Manchester,0,1,1
Manchester Phoenix,2,0,2
Phoenix,2,0,2
left,0,1,1
Hockey Club Pustertal-Val Pusteria,1,0,1
Pusteria,1,1,2
signed,1,2,3
contract,3,3,6
HC Eppan Pirats Internorm,2,0,2
Eppan,1,0,1
Pirats Internorm,2,0,2
Internorm,1,1,2
announced,3,4,7
sign,0,1,1
Pustertal-Val,1,0,1
to qualify,1,0,1
qualify,7,5,12
stayed,0,2,2
season,2,0,2
Chiefs,1,0,1
topped,4,7,11
point margin,2,0,2
margin,3,5,8
seasons,1,0,1
Tallari,1,0,1
switched,3,5,8
switched between teams,1,0,1
stints,4,8,12
Cleveland Barons,0,1,1
Bridgeport,0,1,1
occasions,3,2,5
Las Vegas Wranglers,0,1,1
Wranglers,0,2,2
Amongst,4,2,6
controversial,10,10,20
controversial provisions,2,2,4
provisions,7,8,15
establishment,6,6,12
destination,3,2,5
destination casinos,2,4,6
casinos,0,1,1
Las Vegas,0,1,1
referred,1,1,2
media,1,0,1
Initial,2,0,2
Initial drafts,1,0,1
drafts,2,5,7
proposed,5,1,6
regional,2,0,2
concerns,0,3,3
concerns expressed,0,1,1
expressed,0,2,2
national media,1,0,1
range,0,3,3
addiction,5,4,9
religious,1,0,1
meant,0,2,2
final revision,1,2,3
revision,5,5,10
permitted,4,1,5
referred,0,1,1
regional,0,1,1
regional casino,0,1,1
reduced jackpot limits,1,1,2
jackpot,2,7,9
jackpot limits,0,1,1
short-list,1,4,5
various,1,0,1
submitted,1,2,3
local councils,1,1,2
councils,3,2,5
announced,1,1,2
regional,0,1,1
Screen Actors Guild Award,1,0,1
Guild,1,4,5
Guild Award,0,1,1
SAG Award,0,1,1
accolade,10,10,20
Guild‐American,1,0,1
Federation,3,2,5
SAG-AFTRA,0,1,1
recognize,1,1,2
outstanding,1,7,8
outstanding performances,0,1,1
primetime,6,10,16
primetime television,0,1,1
Nominations,6,5,11
committees,5,2,7
numbering,0,1,1
union,1,1,2
randomly,3,9,12
randomly selected,0,1,1
anew,5,6,11
membership,0,1,1
winners,0,1,1
estate,2,3,5
Empress,3,2,5
Catherine,0,1,1
develop,0,1,1
royal,1,4,5
royal country residence,2,1,3
residence,3,2,5
light years,3,1,4
brown dwarf,2,2,4
dwarf,4,10,14
Luhman,1,0,1
binary,4,2,6
binary system,4,3,7
dwarfs,0,1,1
detection,5,2,7
detection of lithium,1,0,1
lithium,8,2,10
atmosphere,6,1,7
candidate,2,1,3
candidate object,3,1,4
ensures,2,3,5
relatively,2,2,4
Myr,1,1,2
dwarf,0,1,1
notable,3,2,5
latter,1,3,4
temperature,1,1,2
temperature and luminosity,1,0,1
luminosity,10,10,20
stellar,7,4,11
stellar range,3,4,7
range,0,2,2
Canadian,2,0,2
premiered,3,5,8
first scripted comedy,0,1,1
scripted,6,6,12
scripted comedy,2,0,2
series,0,1,1
episodes,0,3,3
solution,1,1,2
recommended,2,4,6
rheumatism,10,7,17
arthritis,10,5,15
malaria,5,0,5
trypanosome,10,3,13
trypanosome infections,3,3,6
infections,1,0,1
tuberculosis,8,0,8
diabetes,5,1,6
hidden,1,5,6
Nuncio,1,0,1
deemed,3,10,13
structurally,2,0,2
structurally irreparable,3,2,5
irreparable,5,6,11
dry rot,1,1,2
rot,0,2,2
incorporated,3,5,8
construction,0,1,1
official,0,1,1
Prior,0,1,1
introduction,0,1,1
antivenom,8,8,16
envenomation,10,8,18
significant,2,0,2
morbidity,8,9,17
morbidity and mortality,1,2,3
mortality,8,6,14
annual vine,2,0,2
vine,0,1,1
approximately,0,1,1
bean,0,1,1
well preserved,3,1,4
preserved,2,3,5
partial,3,1,4
partial skeleton,1,1,2
skeleton,4,4,8
feathers,0,4,4
tail,0,1,1
composed,3,0,3
central rachis,0,1,1
rachis,6,9,15
rachis and vanes,2,2,4
vanes,5,8,13
et al,0,3,3
Epidexipteryx,6,5,11
evolved,2,3,5
ancestors,5,5,10
subsequently,8,6,14
wings,0,1,1
indicate,0,1,1
advanced,1,0,1
display,0,1,1
predated,6,9,15
predated flying,0,1,1
gliding,0,4,4
gliding flight,1,1,2
teeth,0,1,1
jaws,0,4,4
unusually,2,1,3
angled,0,2,2
feature,0,1,1
Masiakasaurus,3,3,6
theropods,9,10,19
Epidexipteryx,1,0,1
Epidexipteryx hui,2,1,3
hui,0,1,1
tail feathers,0,1,1
estimated,4,0,4
weight,1,0,1
basal,1,2,3
basal avialans,10,5,15
avialans,3,5,8
Observers,4,3,7
noted,0,1,1
Blek le Rat,0,1,1
stencils,8,10,18
artistic,1,0,1
political,1,0,1
political and social commentary,1,0,1
social commentary,2,2,4
commentary,4,2,6
featured,0,4,4
bridges,0,1,1
throughout,1,4,5
flowing,0,1,1
bogs,3,7,10
characteristic,8,2,10
dissolved,3,0,3
dissolved peat tannins,3,1,4
peat,2,1,3
peat tannins,4,4,8
tannins,7,3,10
fertility,4,2,6
climate,0,1,1
relatively,1,2,3
growth,0,1,1
decay,2,6,8
owing,2,3,5
saturated,5,6,11
saturated soil,3,1,4
soil,0,2,2
Bogs,0,1,1
distinctive,4,0,4
distinctive assemblages,2,3,5
assemblages,10,8,18
species,1,0,1
importance,1,0,1
biodiversity,10,7,17
particularly,2,1,3
landscapes,1,5,6
settled,0,3,3
farmed,0,2,2
Bogs,1,0,1
occur,0,1,1
acidic,6,0,6
nutrients,5,1,6
following,3,0,3
following year,0,1,1
teenage,7,10,17
teenage daughter,0,1,1
daughter,1,1,2
Arnold Schwarzenegger,1,0,1
Schwarzenegger,1,1,2
True Lies,0,1,1
Lies,0,2,2
appeared,3,4,7
Simple Plan music video,0,1,1
Kid,1,0,1
band,1,0,1
love interest,4,1,5
Nickelback,1,1,2
Rockstar,2,0,2
Variety,3,1,4
announced,4,4,8
co-star,4,7,11
Macaulay,0,1,1
Macaulay Culkin,1,0,1
dark,1,0,1
dark comedy,6,4,10
comedy,1,2,3
directed,2,0,2
released,7,7,14
DVD,2,0,2
invited,4,1,5
Dushku,0,1,1
to be a part of,0,1,1
Strike Back,0,2,2
account name,1,0,1
behavior,2,6,8
unblock,0,8,8
unblock request,0,1,1
attentively,7,6,13
policies,1,2,3
guidelines,2,4,6
username,1,1,2
hateful,0,2,2
hateful or obscene,0,1,1
obscene,8,8,16
obscene language,2,2,4
indicates,1,1,2
disruptive,8,10,18
disruptive or provocative intent,0,1,1
provocative,10,8,18
provocative intent,1,2,3
intent,2,0,2
hard blocked,1,3,4
open proxy,3,4,7
proxy,6,6,12
probably,0,1,1
via,1,0,1
connection,0,1,1
proxies,4,1,5
hard blocked,1,2,3
logged-in,2,6,8
connection,0,1,1
Reviewing,1,1,2
admins,2,0,2
defer,2,5,7
sockpuppetry-based,8,7,15
sockpuppetry-based block,2,6,8
sock account,0,2,2
minimal,1,0,1
minimal edits,0,1,1
ACF,0,1,1
ACF Fiorentina,1,0,1
referred,3,3,6
Fiorentina,1,0,1
professional,2,6,8
Championships,1,2,3
Coppa,0,1,1
Coppa Italia,3,0,3
trophies,3,3,6
Fiorentina,0,1,1
widely,1,4,5
nickname,3,5,8
reference,5,0,5
distinctive,9,8,17
purple,1,1,2
Grand Prix,1,0,1
single make,1,3,4
open-wheel,3,7,10
series,1,1,2
unique,3,2,5
competitors,6,3,9
solely,3,8,11
represented,4,1,5
opposed,2,0,2
usual format,0,1,1
format,2,1,3
formula,2,0,2
formula racing,0,1,1
formula racing series,1,1,2
nation-based,2,3,5
concept,4,2,6
Maktoum,0,1,1
initially,2,1,3
spectrum,10,10,20
companion,3,1,4
enigmatic,10,10,20
features,0,1,1
expected,1,0,1
low-mass,5,1,6
low-mass red dwarf star,0,1,1
red dwarf,1,0,1
red dwarf star,0,1,1
dwarf,4,6,10
dwarf star,0,2,2
very-low-mass,2,0,2
very-low-mass brown dwarf,1,0,1
brown dwarf,0,1,1
dwarf,1,1,2
planet,0,1,1
debated,5,5,10
theories,6,1,7
theories concerning,1,0,1
concerning,0,1,1
lowest-mass,0,2,2
hydrogen-burning,6,3,9
hydrogen-burning limit,1,0,1
suggested,0,1,1
Population I object,1,0,1
solar masses,1,0,1
Population,1,0,1
solar masses,2,0,2
normal stellar evolution,1,0,1
stellar,3,5,8
stellar evolution,3,1,4
evolution,2,2,4
degenerate,10,7,17
degenerate star,1,1,2
lithium,7,2,9
Myr,1,1,2
whereas,1,0,1
brown dwarfs,0,2,2
confusingly,1,4,5
luminosities,10,10,20
Tasmania,1,0,1
named after,0,1,1
Eardley-Wilmot,1,0,1
Lieutenant-Governor,4,2,6
Lieutenant-Governor of Tasmania,1,0,1
various,1,0,1
various times,1,0,1
Deloraine,1,0,1
Beaconsfield,1,0,1
Devonport,1,0,1
Latrobe,1,0,1
Norfolk,1,0,1
stretch,3,2,5
DNA,2,0,2
DNA transcribed into an RNA molecule,1,0,1
transcribed,4,7,11
RNA,1,0,1
molecule,8,3,11
transcription,6,3,9
transcription unit,2,0,2
encodes,9,7,16
gene,4,1,5
strand,3,3,6
non-template,3,2,5
non-template strand,1,1,2
strand,0,3,3
coding strand,3,1,4
strand,0,1,1
sequence,5,5,10
newly,0,1,1
transcript,3,3,6
substitution,3,3,6
substitution of uracil for thymine,1,0,1
uracil,3,2,5
thymine,5,2,7
transcription,2,1,3
sequence,3,0,3
RNA polymerase,2,1,3
polymerase,10,2,12
complementary,5,6,11
antiparallel,10,9,19
a primary transcript,1,0,1
primary transcript,1,0,1
transcript,2,0,2
Alchemical,7,5,12
Alchemical symbolism,5,2,7
symbolism,4,5,9
psychologists,8,6,14
reexamined,6,4,10
alchemical,2,2,4
symbolism,3,0,3
theory,3,0,3
inner,0,2,2
inner meaning,1,0,1
spiritual,4,3,7
spiritual path,1,1,2
path,0,2,2
plot,0,1,1
altered,4,4,8
conformity,6,8,14
furioso,1,1,2
Ariodante,0,1,1
epic,1,3,4
epic poem,1,1,2
Charlemagne,1,0,1
Charlemagne s,0,1,1
Islam,1,0,1
opera,0,3,3
musical sequences,1,1,2
sequences,8,3,11
opportunity,2,1,3
composed,0,2,2
soprano,6,2,8
sang,0,1,1
production,0,1,1
Zeffirelli,1,0,1
debut,4,7,11
mountain chains,3,0,3
chains,1,2,3
separated,1,0,1
several tributaries,1,0,1
tributaries,10,10,20
Rhineland-Palatinate,4,1,5
borders,1,0,1
clockwise,2,4,6
Bundesländer,2,0,2
Baden-Württemberg,3,0,3
bounded,2,4,6
containins,3,1,4
historically,3,0,3
historically significant,2,1,3
historically significant places,1,0,1
significant,5,2,7
Pygmalion,5,3,8
Greek mythological character,1,0,1
mythological,10,7,17
mythological character,2,1,3
province,1,2,3
site,0,1,1
battles,0,1,1
independence,2,3,5
Revolution,2,2,4
guerrilla,10,5,15
guerrilla fighting,4,1,5
fighting,0,2,2
mountainous,0,3,3
mountainous province,2,1,3
province,3,0,3
Santiago,0,1,1
Province,1,0,1
second most populated,1,0,1
populated,2,3,5
occurs,1,0,1
far east,0,1,1
far west,0,1,1
Canary,0,1,1
Canary Islands,1,0,1
Azores,1,1,2
generations,3,3,6
Acherontia,2,0,2
Acherontia atropos,5,2,7
atropos,5,4,9
continuous,3,2,5
continuous broods,1,1,2
broods,6,10,16
singly,0,5,5
Solanaceae,6,3,9
Physalis,6,2,8
nightshades,6,9,15
newly-hatched,3,6,9
newly-hatched larva,1,0,1
larva,5,3,8
stripes,1,2,3
stripes diagonally,0,1,1
diagonally,6,2,8
third instar,0,1,1
instar,6,6,12
blue edging,1,0,1
edging,0,3,3
stripes,0,1,1
tail horn,0,2,2
horn,0,1,1
larva,3,0,3
pupates,9,10,19
underground,0,1,1
underground chamber,0,1,1
chamber,1,1,2
terminology,7,4,11
dramatic,5,2,7
comic,2,0,2
production,1,1,2
capacity,4,0,4
tail,0,2,2
Epidexipteryx,7,3,10
bore,0,3,3
bore unusual vertebrae,0,1,1
unusual vertebrae,2,0,2
vertebrae,8,6,14
towards,0,1,1
resembled,1,8,9
feather-anchoring,4,4,8
feather-anchoring pygostyle,3,0,3
pygostyle,10,10,20
oviraptorosaurs,10,6,16
Epidexipteryx,2,1,3
preserved,0,1,1
composed of,0,1,1
parallel,2,1,3
parallel barbs,2,1,3
barbs,4,8,12
primitive,5,4,9
feathered,0,1,1
dinosaurs,1,0,1
modern-style,0,1,1
modern-style rectrices,1,0,1
rectrices,7,4,11
feathers,0,1,1
vanes,3,5,8
individual,1,0,1
individual filaments,0,1,1
filaments,10,3,13
ribbon-like,0,3,3
sheet,0,1,1
maniraptoran,10,2,12
Jurassic,4,0,4
age,0,1,1
Daohugou,2,1,3
Epidexipteryx,2,2,4
genus,2,1,3
paravian,7,3,10
paravian dinosaur,1,0,1
dinosaur,1,0,1
fossil,1,5,6
fossil specimen,0,1,1
specimen,2,4,6
Vertebrate Paleontology,2,0,2
Vertebrate Paleontology and Paleoanthropology,1,0,1
Paleontology,1,3,4
Paleoanthropology,2,4,6
Medicine,1,0,1
recognizes,3,6,9
altitudes,8,6,14
metres,1,0,1
start,0,1,1
affect,0,2,2
extreme,2,5,7
extreme altitudes,1,0,1
aviation,9,7,16
aviation altitude,2,3,5
altitude,1,1,2
altitude,0,1,1
various,1,0,1
measuring,1,3,4
atmosphere,9,0,9
divided,0,1,1
altitude regions,0,1,1
Earth s surface,0,1,1
surface,0,3,3
atmosphere,2,1,3
mean,1,1,2
mean sea level,2,0,2
referred,1,2,3
referred to,1,0,1
altitude,1,0,1
Aviation,2,0,2
Aviation altitude,2,0,2
measured,0,1,1
Mean,1,0,1
Mean Sea Level,2,2,4
local ground level,0,2,2
Above Ground Level,1,0,1
reference,3,0,3
reference datum,3,5,8
datum,8,7,15
barren islands,1,2,3
reefs,2,4,6
coral,1,0,1
coral outcrops,3,0,3
outcrops,6,7,13
overlapping,4,6,10
overlapping claims,2,2,4
flashpoint,10,8,18
armed conflict,1,1,2
conflict,0,2,2
flexed,2,7,9
flexed their muscles,4,2,6
ambassador,2,1,3
challenged,1,2,3
secure our sovereignty,1,0,1
sovereignty,10,10,20
vessels,4,4,8
shoal,6,7,13
condition of anonymity,3,1,4
anonymity,8,9,17
lack of authority,1,1,2
authority,2,2,4
standoff,6,6,12
navy surveillance plane,0,1,1
surveillance,7,8,15
surveillance plane,0,1,1
spotted,0,1,1
fishing vessels anchored,1,0,1
anchored,3,5,8
lagoon,5,2,7
bracing itself,1,2,3
explanation,3,2,5
banking analyst,4,1,5
analyst,5,5,10
lenders,3,3,6
set aside,1,1,2
aside,0,1,1
provisions,10,6,16
provisions against loans,2,0,2
performing,2,2,4
defaults,7,7,14
defaults rise,1,0,1
recession,10,10,20
unemployment,4,2,6
government,1,0,1
source,2,0,2
provisions,5,5,10
impact,1,4,5
impact in capital,1,0,1
capital,2,0,2
estimated,0,3,3
rescue,3,6,9
rescue systemic lender,0,1,1
systemic,6,2,8
systemic lender,4,5,9
lender,0,1,1
figure investors,1,0,1
investors,2,2,4
viewed,0,1,1
appetite,8,8,16
military intervention,3,1,4
intervention,8,8,16
Libyan,1,0,1
rebels,0,1,1
topple,7,10,17
long-time,0,1,1
ruler,0,1,1
Moammar Gadhafi,1,0,1
arming,1,1,2
opponents,3,3,6
inconclusive,10,10,20
inconclusive bloodshed,2,2,4
bloodshed,0,5,5
Fierce,2,2,4
Fierce clashes,0,1,1
clashes,0,1,1
regime,0,3,3
rebels,0,1,1
wounded,0,1,1
Syrian Observatory for Human Rights,1,0,1
Observatory,1,2,3
Britain-based monitoring group,0,1,1
monitoring,6,3,9
monitoring group,2,0,2
indicated,0,2,2
troop,0,1,1
destroyed,1,1,2
clashes,2,0,2
dawn,0,2,2
outskirts,7,8,15
rebel-held,0,1,1
rebel-held city,1,1,2
province,2,3,5
lieutenant,7,2,9
defected,7,4,11
Regime,0,1,1
Regime forces,2,0,2
launched,1,2,3
offensive,1,1,2
sharp,0,2,2
sharp resistance,1,0,1
resistance,5,1,6
ouster,7,7,14
ouster of the regime,0,1,1
regime,3,0,3
Bashar al-Assad,1,0,1
presumptive,10,10,20
presumptive Republican presidential nominee,1,1,2
presidential nominee,0,1,1
nominee,9,3,12
struck,0,4,4
struck a somewhat somber tone,0,1,1
somewhat somber tone,1,0,1
somber,10,6,16
somber tone,2,3,5
press release,1,0,1
deserve,0,2,2
at stake,4,1,5
stake,2,8,10
vital,7,3,10
nations security,0,1,1
tragedy,3,7,10
strategic,4,5,9
strategic setback,6,4,10
setback,1,3,4
Taliban,1,0,1
sanctuary,10,5,15
sanctuary for terrorists,0,3,3
sanctuary,4,2,6
sacrificed,6,5,11
a more secure future,1,0,1
secure,0,2,2
secure future,1,1,2
injured,0,2,2
he summoned assistance,0,1,1
summoned,10,10,20
summoned assistance,3,1,4
assistance,1,1,2
not thought to be life threatening,0,1,1
life threatening,5,6,11
threatening,1,5,6
Witnesses,5,6,11
describe,0,1,1
silver saloon,1,0,1
silver saloon car,0,2,2
saloon,3,1,4
saloon car,3,1,4
discovered,1,3,4
Inchicore,1,1,2
removed,0,1,1
forensic,5,10,15
forensic technical examination,6,3,9
examination,2,0,2
Gardai,0,1,1
Ex-Soviet,2,0,2
authorities,1,3,4
annul,9,9,18
annul the parliamentary,0,1,1
parliamentary,9,2,11
parliamentary vote results,1,0,1
election,1,0,1
had fled,0,1,1
fled,1,5,6
regime,8,3,11
regime forces,5,1,6
setting fire,0,1,1
looting,6,6,12
looting shops,3,2,5
Observatory,4,4,8
reported shelling,1,0,1
shelling,10,9,19
regime,6,2,8
revolution,6,6,12
residents,1,0,1
gunbattles,2,4,6
primarily,2,0,2
a neighborhood populated by,1,0,1
populated,0,1,1
Sunni,0,1,1
Sunni Muslims,1,0,1
Assad backers,0,1,1
backers,2,3,5
Alawite,1,2,3
Alawite sect,2,1,3
sect,3,1,4
fighting highlights,0,1,1
highlights,1,3,4
easily trouble,1,0,1
trouble,0,1,1
raise tensions,0,2,2
with which,1,0,1
complex,1,0,1
complex web,3,1,4
complex web of political and sectarian ties,1,0,1
web of political and sectarian ties and rivalries,1,0,1
sectarian,9,6,15
sectarian ties,4,0,4
sectarian ties and rivalries,0,2,2
rivalries,7,7,14
“Duck,0,1,1
“Duck and cover,7,2,9
embassy,4,3,7
Not a drill,0,1,1
drill,2,8,10
avoid,0,1,1
embassy,1,0,1
Twitter,0,1,1
Karzai,0,1,1
pact,4,1,5
threatening,1,6,7
third country,0,1,1
including,0,1,1
neighboring,2,0,2
leads,0,1,1
stability,8,4,12
"stability, prosperity and development",1,0,1
prosperity,10,6,16
development,2,1,3
nor,0,1,1
decade,0,4,4
stood,0,2,2
signing ceremony,4,3,7
ceremony,3,2,5
look forward,0,1,1
future of peace,1,1,2
long-term,1,0,1
long-term partners,1,0,1
headed,1,1,2
pact,4,1,5
possibility,1,2,3
staying behind,0,1,1
pursue,6,8,14
remnants,10,10,20
officially,0,1,1
registered,0,1,1
presidency,0,1,1
unusually,1,0,1
unusually sustained,1,0,1
unusually sustained protests,1,0,1
sustained,9,6,15
sustained protests,1,3,4
protests,1,2,3
indignation,10,10,20
opposition,4,1,5
suggested,0,1,1
drive,0,1,1
retake,0,2,2
as smoothly as expected,1,0,1
smoothly,0,1,1
expected,0,1,1
condemned,9,10,19
violence,0,2,2
probe,2,8,10
dozens,0,1,1
describing,0,1,1
to gag,1,0,1
gag,6,10,16
gag and intimidate,1,0,1
intimidate,7,8,15
intimidate society,0,3,3
opposition,3,0,3
opposition rallies,5,0,5
rallies,0,4,4
pro-Putin,1,1,2
pro-Putin gathering,2,1,3
gathering,0,3,3
parliamentary,5,2,7
parliamentary vote,1,0,1
suggested,0,1,1
tiring,1,2,3
tiring of Putin,0,1,1
Putin,0,1,1
United Russia party,1,0,1
strongly overshadowed,1,0,1
overshadowed,7,10,17
political forces,1,0,1
reputation,5,4,9
reputation for corruption,1,0,1
corruption,7,6,13
assault,2,6,8
raises,1,1,2
raises fresh concern,1,0,1
fresh concern,1,0,1
concern,0,3,3
resilience,10,10,20
insurgency,10,9,19
anniversary,2,2,4
Osama bin Ladens death as NATO winds down,1,0,1
NATO,1,0,1
winds,0,1,1
winds down,0,2,2
combat,0,3,3
combat presence,1,0,1
presence,1,0,1
hands over,0,1,1
responsibility,1,0,1
assault,2,0,2
riposte,10,8,18
partnership pact,2,0,2
pact,1,0,1
deal,0,1,1
insurgents,7,4,11
insurgents dismissed,0,1,1
dismissed,0,3,3
illegitimate,10,9,19
commander-in-chief,3,4,7
capable,1,0,1
US withdrawal from Iraq,1,0,1
withdrawal,2,5,7
crushing,0,1,1
crushing Al-Qaeda,1,1,2
tried to conjure up a new dawn for a US public,1,0,1
conjure,6,10,16
conjure up,3,2,5
new dawn,0,1,1
dawn,0,1,1
exhausted,1,5,6
conflict,1,2,3
recession,4,5,9
recalling,2,2,4
decade-long,0,1,1
dark cloud of war,2,1,3
plotted,3,3,6
Dozens,0,1,1
wounded,0,3,3
violence,0,1,1
Syrian Observatory,0,1,1
Observatory,3,6,9
Opposition,6,0,6
Opposition sources,2,0,2
shelled,10,10,20
shelled the town,0,1,1
rebel,0,3,3
rebel control,2,1,3
reportedly,0,1,1
bombardment,10,10,20
destroyed,0,1,1
opposition,2,1,3
declined,1,6,7
declined to be named,1,0,1
Reuters,1,0,1
news agency,1,0,1
satellite,3,1,4
satellite phone,5,1,6
neighbouring,1,1,2
armoured,6,6,12
armoured vehicles,2,2,4
government,1,0,1
troops,0,1,1
heading to,1,0,1
province,2,2,4
strategic,6,10,16
strategic town,2,0,2
stronghold,9,10,19
national,1,0,1
agency,2,0,2
sniper,9,10,19
shell,3,6,9
residential,7,0,7
residential neighborhood,2,1,3
neighborhood,0,1,1
Associated,1,0,1
reporter,1,0,1
reinforcements,10,10,20
intermittent,8,10,18
intermittent clashes,4,3,7
clashes,0,2,2
continued,1,0,1
gunmen,2,1,3
automatic,1,0,1
automatic rifles,1,0,1
rifles,0,2,2
rocket-propelled,3,4,7
rocket-propelled grenades,2,1,3
grenades,6,2,8
sharply,0,1,1
sectarian,8,5,13
sectarian lines,3,4,7
religious sects,1,1,2
sects,3,3,6
fragile,7,10,17
fragile political,1,0,1
fragile political fault line,3,0,3
political fault line,1,1,2
fault line,2,0,2
precisely,4,3,7
array,4,4,8
pro-Syrian parties,1,0,1
regime,6,5,11
citizens,0,3,3
opposition,3,0,3
opposition rallies,9,0,9
rallies,5,4,9
expected,0,1,1
pro-Putin,1,0,1
pro-Putin gathering,2,0,2
gathering,0,4,4
Thousands,1,0,1
security,1,0,1
security forces,4,0,4
helicopters,1,0,1
roamed,2,5,7
show of force,3,0,3
protest,0,2,2
Authorities,0,3,3
Interior Ministry,1,0,1
Interior Ministry troops,3,0,3
troops,0,1,1
deployed,9,10,19
Interior Ministry,0,1,1
Interior Ministry troops,2,0,2
manned,3,6,9
manned by conscripts,1,0,1
conscripts,10,10,20
condemned,10,8,18
violence,0,1,1
probe,6,6,12
attacks,1,0,1
journalists,1,0,1
describing,0,1,1
attempt,0,1,1
attempt to gag,1,1,2
attempt to gag and intimidate society,1,0,1
gag,7,5,12
gag and intimidate,1,1,2
intimidate,7,6,13
intimidate society,1,1,2
video journalists,1,0,1
journalists,1,0,1
state-owned,0,2,2
state-owned RIA Novosti news agency,1,0,1
RIA Novosti,1,0,1
briefly detained,1,1,2
detained,8,4,12
Commission,1,0,1
application,0,1,1
affiliated,10,9,19
terrorist,1,1,2
independently,2,1,3
independently verify,2,0,2
verify,2,0,2
violence,0,1,1
severely,0,1,1
severely restricted,2,1,3
severely restricted access,1,0,1
restricted,4,2,6
restricted access,2,0,2
access,1,2,3
monitors,3,0,3
so-called,1,1,2
so-called cease-fire,2,1,3
cease-fire,5,8,13
encourage,1,2,3
encourage the implementation,1,0,1
implementation,10,7,17
peace plan,1,0,1
observer mission,1,1,2
military monitors,2,1,3
monitors,2,2,4
provinces,5,2,7
"Daraa, Idleb",1,0,1
state-run,0,2,2
observers,0,1,1
observers,0,1,1
presence,1,0,1
bloodshed,8,7,15
cease-fire,7,2,9
supposed,0,2,2
the LCC,1,0,1
special forces,1,0,1
special forces troops,2,0,2
al Qaeda,1,0,1
Osama bin Laden,1,0,1
architect,9,7,16
in a raid,0,1,1
raid,3,1,4
neighboring,1,2,3
televised,1,1,2
televised address,3,1,4
base,2,0,2
winding,0,3,3
winding down,3,7,10
emerge,7,6,13
decade,1,3,4
decade of conflict,0,1,1
conflict,1,4,5
abroad,1,2,3
economic,2,0,2
economic crisis,1,4,5
crisis,1,1,2
renew,2,1,3
backdrop,6,10,16
backdrop of armored vehicles,1,0,1
armored,4,4,8
armored vehicles,3,0,3
NATO,1,0,1
Taliban,2,0,2
rulers,0,1,1
ousted,5,10,15
overthrown,5,10,15
harboring,9,10,19
militants,3,1,4
take credit,0,2,2
several compounds,1,0,1
compounds,7,3,10
recently celebrated,1,1,2
celebrated,3,1,4
critical,5,3,8
critical condition,4,2,6
condition,2,0,2
centre,2,0,2
police investigation,1,1,2
investigation,5,4,9
arrested,1,2,3
nearby,0,1,1
Toomebridge,1,1,2
suspicion,6,5,11
suspicion of murder,4,2,6
murder,0,1,1
questioned,1,1,2
suspicion,4,2,6
suspicion of assisting,1,0,1
suspicion of assisting an offender,1,0,1
assisting,2,1,3
assisting an offender,1,0,1
offender,5,5,10
released,1,1,2
released unconditionally,3,0,3
unconditionally,10,9,19
detectives,0,4,4
priest,0,1,1
believed,1,1,2
protect,0,1,1
deputy,1,2,3
visited,0,1,1
they are in trauma,1,0,1
in trauma,1,0,1
trauma,10,8,18
news agencies,1,0,1
agencies,1,0,1
arrested,1,1,2
attempt,0,2,2
unsanctioned,8,10,18
unsanctioned rally,6,2,8
rally,0,4,4
Rostov-on-Don,1,0,1
protest,0,2,2
broken up,0,2,2
unusually,0,1,1
unusually sustained,3,1,4
unusually sustained show,1,0,1
sustained,9,7,16
sustained show of indignation,1,0,1
indignation,10,10,20
opposition,7,0,7
rallied,3,6,9
faced off,1,4,5
Interior,0,1,1
Interior Ministry troops,2,0,2
detained,8,9,17
protesters,0,2,2
opposition,3,1,4
opposition rallies,3,0,3
rallies,1,2,3
expected,1,0,1
pro-Putin gatherings,2,1,3
gatherings,0,5,5
expected,1,0,1
formally register,1,0,1
register,0,1,1
held,0,1,1
grew,0,1,1
authoritarian,10,10,20
investigation,10,9,19
note,1,1,2
taken it to the grave,3,0,3
grave,3,6,9
According,2,0,2
According to,1,0,1
neighbor,0,2,2
heard,0,1,1
gun shots,0,1,1
arrived,1,0,1
doorstep,1,3,4
neighbor,1,0,1
Pebbles,0,2,2
walking back towards,1,0,1
towards,0,1,1
lured,10,10,20
calm,1,2,3
mad,0,2,2
stepped out,2,4,6
trillion,1,0,1
Chinese sovereign wealth fund,1,1,2
sovereign,6,8,14
sovereign wealth,0,1,1
sovereign wealth fund,3,1,4
wealth,0,1,1
debt,0,1,1
debt  Surprise,1,0,1
weakening,1,3,4
import and exports,0,1,1
nationalises,6,1,7
euro crisis,2,0,2
euro crisis escalates,1,0,1
crisis,1,1,2
crisis escalates,1,0,1
escalates,6,7,13
no bailout,0,1,1
no bailout agreement,2,0,2
bailout,3,8,11
bailout agreement,1,3,4
stake,2,3,5
crisis,1,4,5
crisis measure,3,1,4
crippling,6,10,16
crippling bad loans,4,0,4
exposure,4,1,5
classed,1,1,2
problematic,6,4,10
hangover,5,3,8
hangover from the property party,1,0,1
extends,0,2,2
financial sector,3,1,4
commercial,2,0,2
problematic,3,0,3
real estate     assets,2,1,3
assets,1,2,3
seized,4,2,6
seized property,1,0,1
property     portfolio,0,1,1
property     portfolio,3,1,4
portfolio,5,4,9
Regulators,10,5,15
elsewhere,0,2,2
have stressed,0,1,1
stressed,1,5,6
acquisition,10,10,20
obtain,3,0,3
unfair advantage,3,2,5
advantage,2,1,3
stabbing,1,10,11
widower,7,5,12
suspicion,7,9,16
suspicion of murder,3,1,4
in custody,0,1,1
custody,4,3,7
charged,0,3,3
appeared,0,1,1
Lewes,0,1,1
enter a plea,1,0,1
plea,3,7,10
remanded,9,8,17
remanded in custody,1,1,2
custody,0,1,1
plea,3,6,9
plea and case management,1,1,2
case management,2,1,3
case management hearing,2,1,3
management,2,0,2
appeared,0,2,2
residence,10,4,14
return,0,1,1
neighbor,0,3,3
heard,0,1,1
gunshots,0,3,3
neighbor,0,2,2
deputies,4,4,8
text message,1,0,1
cremated,10,10,20
shooting,1,0,1
happened,0,1,1
Space Coast,3,0,3
NASA,1,0,1
numerous,4,3,7
numerous famed,1,0,1
numerous famed shuttle,1,0,1
numerous famed shuttle launches,2,1,3
famed,2,4,6
shuttle,2,3,5
shuttle launches,2,1,3
launches,2,1,3
fatally,7,6,13
sought,7,3,10
sought help,0,1,1
firing,0,1,1
fatal,8,2,10
fatal shots,1,1,2
authorities,6,1,7
confirmed,0,3,3
deadliest,4,5,9
deadliest suffered,1,0,1
suffered,1,1,2
security forces,3,0,3
uprising,8,5,13
government,2,0,2
launched,3,2,5
fresh,0,1,1
fresh assault,4,1,5
assault,4,5,9
despite,1,1,2
UN-backed,1,0,1
UN-backed nominal ceasefire,0,2,2
nominal,2,1,3
nominal ceasefire,10,2,12
ceasefire,1,4,5
supposed,0,1,1
imposed,6,6,12
round of sanctions,1,1,2
sanctions,10,1,11
government,1,0,1
Observatory,3,1,4
Damascus,0,1,1
subjected,1,2,3
sustained,6,4,10
sustained shelling,4,2,6
shelling,7,4,11
shelling overnight,0,1,1
overnight,0,2,2
opposition,4,0,4
opposition stronghold,6,1,7
stronghold,4,7,11
fiercely,4,7,11
fiercely contested,1,1,2
contested,2,3,5
uprising,4,3,7
moved out,0,1,1
to take in,1,0,1
pretty peaceful,0,1,1
peaceful,6,1,7
peaceful place,1,0,1
normally,1,1,2
incident,9,6,15
deadly,0,1,1
deadly shooting,0,3,3
shooting,0,1,1
scene,0,1,1
homicides,10,10,20
Goodyear,0,1,1
ran,0,1,1
next-door,0,1,1
next-door neighbour,0,1,1
next-door neighbours,0,1,1
neighbours,1,4,5
identified,4,5,9
County,0,2,2
Sheriff,1,0,1
neighbour,1,1,2
being awoken,1,1,2
awoken,9,6,15
gunshots,1,4,5
coming,0,1,1
local time,0,1,1
Chinese maritime surveillance ships,1,0,1
maritime,3,5,8
maritime surveillance,7,1,8
maritime surveillance ships,2,1,3
surveillance,3,6,9
surveillance ships,0,1,1
shoal,7,5,12
Gregorio del Pilar,1,0,1
fishing vessels,1,2,3
vessels,4,1,5
preventing,1,1,2
erring,10,10,20
erring Chinese fishermen,1,0,1
situation,0,1,1
remained unchanged,0,1,1
unchanged,1,0,1
Ma,1,0,1
emphasise,10,8,18
an integral part,1,0,1
integral,9,1,10
integral part,1,4,5
territory,1,1,2
aimed,0,2,2
diplomatic,6,3,9
diplomatic solution,4,3,7
spokesman,1,3,4
embassy,3,1,4
AFP,1,0,1
standoff,5,10,15
incident,0,1,1
flare-up,5,9,14
tensions,2,1,3
competing,1,2,3
competing territorial claims,3,0,3
territorial,7,0,7
territorial claims,1,4,5
atop,2,5,7
vast,3,0,3
vast oil and gas deposits,1,0,1
situation,1,1,2
remained unchanged,0,1,1
unchanged,1,2,3
DFA,0,1,1
PHL,0,1,1
harassed,10,10,20
Embassy,0,1,1
Marine,1,0,1
Marine Surveillance,0,1,1
Marine Surveillance ships,1,1,2
Surveillance,4,8,12
Surveillance ships,0,1,1
safeguard,5,7,12
maritime,7,2,9
maritime rights,2,2,4
maritime rights and interests,1,1,2
harassed,6,3,9
integral,10,2,12
integral part,1,3,4
territory,3,1,4
Moreover,2,1,3
island,0,1,1
Naval gunboat,0,1,1
gunboat,0,1,1
blocked,0,1,1
lagnoon,3,3,6
triggering,8,3,11
triggering the standoff,1,1,2
standoff,7,10,17
murderous,3,1,4
murderous rampage,4,3,7
rampage,8,6,14
happened,0,1,1
government,1,0,1
sweeping,4,8,12
sweeping action,5,3,8
nationalised,8,4,12
salvage,8,9,17
balance sheet,3,1,4
balance sheet dripping in red ink,2,0,2
dripping,3,10,13
dripping in red ink,1,1,2
red ink,1,0,1
independent,2,1,3
independent auditing firms,3,0,3
auditing,6,2,8
auditing firms,0,1,1
valuing,1,0,1
exposure,4,6,10
collapsed,4,6,10
collapsed property sector,3,0,3
property sector,2,0,2
cabinet,2,0,2
cabinet meeting,3,0,3
complete transparency,1,0,1
transparency,10,8,18
clarity,3,2,5
crucial,3,5,8
Spains solvency,1,0,1
solvency,7,6,13
index of leading shares,1,0,1
leading shares,0,1,1
leading shares plunged,1,0,1
plunged,4,8,12
dragged,1,1,2
dragged down,0,2,2
plummeting,7,10,17
plummeting values,3,1,4
eurozones,2,0,2
slumped,3,7,10
dropped,0,1,1
skidded,1,1,2
Tensions,5,0,5
Tensions stemming,1,0,1
stemming,9,10,19
uprising,5,6,11
touched off,1,2,3
touched off clashes,1,2,3
clashes,1,3,4
revolt,4,3,7
revolt threatened,1,1,2
threatened,1,2,3
morph,10,8,18
morph into,0,2,2
broader,2,1,3
broader conflict,1,2,3
conflict,3,2,5
relentless,6,10,16
relentless violence,1,2,3
violence,1,0,1
undermines,8,6,14
supposed,1,0,1
deadly crisis,0,1,1
crisis,2,2,4
cease-fire,8,5,13
supposed,1,0,1
throwing into doubt,1,1,2
regime,6,2,8
raid,1,2,3
impoverished,10,10,20
impoverished village,1,1,2
kilometers,2,0,2
Observatory,0,2,2
raid,0,1,1
government,2,0,2
setting,0,1,1
incident,7,4,11
incident occurred,0,1,1
occurred,2,0,2
barely,2,5,7
pushed anew,1,0,1
anew,4,3,7
rules-based,3,3,6
rules-based solution,1,0,1
solution,1,0,1
Spratlys,0,2,2
Spratlys row,2,1,3
row,1,1,2
Aquino,0,2,2
urged,4,5,9
Association,2,0,2
common,1,0,1
common stand,2,2,4
willing,1,0,1
host,0,2,2
host a meeting,0,1,1
Philippines,1,0,1
claimants,8,10,18
Spratlys,2,0,2
DFA,2,1,3
Philippine Navy surveillance,1,0,1
Philippine Navy surveillance aircraft,0,1,1
surveillance,9,8,17
surveillance aircraft,0,1,1
monitored,5,2,7
fishing vessels,0,1,1
vessels,0,2,2
vessels anchored,2,0,2
anchored,4,7,11
the Panatag (Scarborough,1,0,1
Shoal,1,1,2
integral,10,4,14
integral part,1,1,2
territory,2,1,3
nautical,3,2,5
nautical miles,1,3,4
base-point,5,4,9
Zambales,1,0,1
suicide,1,2,3
suicide attacker,3,1,4
detonated,9,9,18
detonated a bomb,0,1,1
compound,6,6,12
foreigners,1,1,2
Afghans,1,0,1
officials,1,0,1
Taliban,1,0,1
claimed,2,1,3
claimed responsibility,1,3,4
responsibility,2,0,2
cleared,2,0,2
Afghan airspace,3,0,3
airspace,5,4,9
incident,5,2,7
Taliban,1,0,1
ensuing,9,10,19
ensuing fighting,1,1,2
special,1,0,1
special police,1,0,1
Wall Street Journal,0,1,1
Journal,1,0,1
hospitalized,0,2,2
nearby,0,1,1
critical,3,3,6
critical condition,5,3,8
unannounced,7,5,12
strategic,2,4,6
strategic partnership,2,1,3
strategic partnership agreement,6,2,8
partnership,1,1,2
claimed responsibility,1,0,1
responsibility,2,6,8
rocked,0,5,5
witnesses,1,3,4
suicide,2,0,2
suicide car bomber,1,0,1
militants,5,3,8
disguised,6,10,16
burqas,7,4,11
a compound,1,0,1
compound,2,2,4
compound housing,0,1,1
housing,0,1,1
foreigners,1,0,1
agreement,0,1,1
strategic,3,4,7
strategic significance,4,5,9
significance,4,3,7
preserving,3,6,9
military partnership,2,0,2
eastern frontier,2,0,2
frontier,2,5,7
permanent,4,0,4
U.S. bases,1,0,1
U.S. combat mission,0,1,1
combat,0,2,2
combat mission,1,0,1
concluded,1,2,3
conduct,2,1,3
conduct counterterrorism,1,1,2
counterterrorism,10,9,19
counterterrorism strikes,2,0,2
strikes,0,1,1
otherwise,0,2,2
advise,1,0,1
exploit,7,9,16
exploit intelligence,3,1,4
intelligence,2,1,3
insurgents,10,10,20
military targets,2,0,2
targets,0,1,1
deployment,10,9,19
deployment in flashpoint areas,1,0,1
flashpoint,10,8,18
flashpoint areas,3,2,5
UN military,1,0,1
military observers,0,1,1
observers,1,2,3
observers,1,1,2
observers were on the ground,1,0,1
UN mission,1,0,1
Syria,1,0,1
Despite,1,5,6
presence,0,1,1
raids,1,2,3
shelling,3,5,8
shelling attacks,5,2,7
regime,7,1,8
regime forces,3,2,5
rebel,1,1,2
rebel strongholds,5,0,5
strongholds,4,10,14
clashes,1,2,3
armed rebels,0,1,1
rebels,0,3,3
Observatory,3,0,3
civilians,2,2,4
uprising,3,9,12
watchdog,6,7,13
truce,2,3,5
Syria-linked,1,0,1
Syria-linked violence,1,1,2
violence,0,2,2
spilled,3,6,9
spilled across,0,1,1
Lebanon,1,0,1
sectarian,7,1,8
sectarian clashes,8,6,14
clashes,0,1,1
suspicion,10,10,20
suspicion of murder,2,2,4
murder,0,1,1
arrested,1,1,2
arrested on suspicion,1,0,1
suspicion,6,2,8
suspicion of assisting an offender,3,0,3
assisting,2,2,4
assisting an offender,2,1,3
offender,2,9,11
Toome,0,1,1
Serious Crime,1,1,2
Serious Crime Suite,1,0,1
Antrim,0,1,1
Investigating,5,3,8
Investigating officers,2,0,2
appealed,6,7,13
information,2,1,3
incident,7,5,12
Embassy,3,2,5
engaged,6,7,13
discussions,3,2,5
Philippine DFA,1,0,1
DFA,0,1,1
seek,0,1,1
solution,1,1,2
issue,0,1,1
friendly relations,1,0,1
relations,3,0,3
stability,6,5,11
well preserved,1,1,2
preserved,3,4,7
invited,0,1,1
DFA,0,1,1
discussion,2,0,2
issue,0,1,1
DFA,1,1,2
announcement,3,1,4
bank stocks,1,0,1
stocks,1,1,2
tumbled,9,10,19
expected,0,1,1
new reforms,2,0,2
reforms,4,5,9
clean-up,2,3,5
clean-up of its banks,1,1,2
last-minute talks,1,1,2
government,1,0,1
lenders,2,5,7
Reuters,5,2,7
cabinet,1,1,2
government,1,0,1
to park,1,0,1
park,0,1,1
toxic,3,5,8
toxic real estate assets,6,1,7
assets,1,0,1
holding,0,2,2
holding companies,4,2,6
cabinet,4,0,4
expected,0,1,1
announce,1,1,2
demands,0,2,2
set aside,0,1,1
aside,0,2,2
cover sound loans,0,1,1
sound loans,4,1,5
loans,0,1,1
real estate portfolios,3,1,4
portfolios,9,7,16
provisions,6,6,12
bad assets,6,2,8
assets,2,0,2
finalized,2,2,4
government,1,0,1
Reuters,3,0,3
new provisions,1,0,1
provisions,3,3,6
bad bank scheme,1,1,2
bad bank,1,1,2
scheme,3,0,3
approved,1,0,1
Thirty-three-year-old,1,0,1
fatally,7,8,15
fatally shot,1,1,2
shot,1,0,1
ranged,4,2,6
a spokesman,1,0,1
spokesman,3,5,8
Sheriff,1,0,1
Sheriffs,1,0,1
Sheriffs Office,1,0,1
neighbor,1,0,1
neighbors,0,3,3
neighbors front door,1,0,1
dawn,3,5,8
calm,1,2,3
walked out,1,0,1
walked back,1,0,1
neighbor,1,1,2
gunshots,3,2,5
neighbor,1,1,2
deputies,7,5,12
text,1,0,1
text message,0,1,1
message,0,1,1
cremated,10,10,20
demonstrations,10,7,17
unusually,0,1,1
unusually sustained,4,0,4
unusually sustained show of support,1,0,1
sustained,7,10,17
opposition,4,1,5
rallied,3,7,10
clashed,1,0,1
interior,1,2,3
interior ministry,0,1,1
interior ministry troops,3,0,3
ministry,1,0,1
detained,6,8,14
protesters,1,4,5
opposition,3,0,3
opposition rallies,3,0,3
rallies,0,2,2
pro-Putin,1,0,1
pro-Putin gatherings,1,2,3
gatherings,0,6,6
formally register,2,0,2
grew,0,1,1
grew more authoritarian,1,0,1
authoritarian,10,10,20
parliamentary,8,2,10
parliamentary vote,2,0,2
tiring,0,3,3
tiring of,0,1,1
Putin,0,1,1
Preliminary,7,3,10
Preliminary results,2,0,2
steep,2,4,6
steep fall,0,1,1
fall,0,1,1
earlier majority,2,0,2
marred,4,7,11
widespread,0,2,2
widespread allegations,3,0,3
widespread allegations of vote-rigging,1,0,1
allegations,5,8,13
vote-rigging,4,10,14
allegations,3,3,6
opposition,4,0,4
crushed,0,1,1
pleas,1,7,8
ignored,0,2,2
Kremlin-dominated,2,0,2
Kremlin-dominated media,3,1,4
honor,2,5,7
memory,1,1,2
the fallen,1,1,2
fallen,1,2,3
daily thoughts,1,0,1
commitment,8,10,18
former,0,1,1
touted,7,8,15
bold,1,0,1
decision,0,1,1
campaign,7,8,15
campaign ad,1,1,2
suggested,0,4,4
fired back,2,3,5
appearing,1,3,4
firehouse,2,4,6
politicizing,10,10,20
politicizing the issue,1,0,1
issue,1,1,2
Military personnel,1,1,2
personnel,2,0,2
live address,2,0,2
address,1,0,1
Bagram,1,0,1
Fierce,7,7,14
Fierce clashes,0,3,3
clashes,1,4,5
government,1,0,1
government forces,1,0,1
opposition,3,1,4
opposition fighters,1,0,1
central,1,0,1
activists,2,6,8
government,2,0,2
stake,4,10,14
Bankia,1,0,1
forced,0,1,1
forced banks to make provisions,1,0,1
provisions,10,9,19
euros,1,0,1
bad loans,1,2,3
loans,0,1,1
The big question,1,0,1
afford,2,3,5
sort of capital,1,0,1
capital,3,1,4
emergency,2,1,3
eurozone,3,1,4
eurozone bailout,1,0,1
eurozone bailout fund,4,0,4
bailout,6,8,14
bailout fund,1,5,6
IMF,1,0,1
editor,0,1,1
reveals,2,4,6
surprise trading loss,1,0,1
trading loss,1,1,2
complex,1,0,1
complex investments,8,3,11
investments,2,1,3
traders,1,1,2
announced,0,2,2
measures,1,3,4
protect the countrys banks against the risks,1,0,1
risks,2,1,3
loans,0,1,1
loans going bad,0,1,1
new measures,1,1,2
measures,1,2,3
announced,1,0,1
vice prime minister,1,0,1
Soraya Saenz de Santamaria,1,0,1
Minister,1,0,1
Luis de Guindos,1,0,1
capital,2,1,3
financial cushion,6,6,12
cushion,1,1,2
total provisions,1,0,1
provisions,6,3,9
real estate assets,3,1,4
assets,1,0,1
portfolios,6,9,15
Economy,1,0,1
Luis de Guindos,1,0,1
public funds,1,0,1
deficit,10,10,20
independent auditing firms,1,0,1
auditing,5,5,10
auditing firms,3,1,4
valuing,3,0,3
exposure,3,5,8
collapsed,4,4,8
collapsed property sector,4,0,4
property sector,1,0,1
sector,1,0,1
ministers,1,0,1
conference,2,1,3
cabinet,1,1,2
cabinet meeting,3,0,3
extra capital,0,1,1
capital,2,0,2
access,1,2,3
five-year loan,0,1,1
a convertible bond,0,1,1
convertible,2,5,7
convertible bond,7,5,12
interest rate,1,0,1
rental market,0,1,1
flexible,1,2,3
incentivise,10,10,20
incentivise banks,1,0,1
incentivise banks to offload,0,1,1
offload,4,7,11
assets,1,1,2
Chinese antitrust,1,0,1
antitrust,8,9,17
antitrust and competition,1,0,1
antitrust and competition authorities,2,0,2
competition,1,4,5
competition authorities,3,0,3
authorities,0,2,2
acquire,5,6,11
VentureBeat reports,1,0,1
according,0,1,1
Journal,0,1,1
purchase,0,3,3
close,1,0,1
patents,5,3,8
pending,1,3,4
pending patent,2,0,2
pending patent applications,3,1,4
patent,3,1,4
patent applications,2,1,3
applications,1,1,2
owned,0,1,1
last regulatory hold-out,1,0,1
regulatory,6,3,9
regulatory hold-out,4,1,5
hold-out,2,4,6
merger,8,6,14
approved,0,1,1
regulators,3,3,6
given the go-ahead,1,0,1
go-ahead,3,5,8
finalized,4,1,5
Antitrust,3,2,5
Antitrust issues,3,1,4
issues,0,1,1
regulatory,1,0,1
regulatory boards,3,2,5
boards,0,1,1
to mull over,0,1,1
mull,2,4,6
mull over,4,5,9
concerns,0,1,1
preferential,7,5,12
preferential treatment,7,4,11
treatment,1,0,1
Android operating system,0,1,1
operating,1,0,1
operating system,3,0,3
Motorola devices,0,1,1
devices,0,1,1
punched,0,3,3
child welfare investigators,4,1,5
welfare,4,3,7
welfare investigators,2,0,2
investigators,2,3,5
allegations,10,10,20
allegations of inadequate supervision,2,0,2
inadequate,5,8,13
inadequate supervision,6,3,9
misdemeanor,8,10,18
misdemeanor battery charge,4,1,5
battery,2,2,4
battery charge,1,1,2
striking,3,1,4
dropped,1,2,3
filed,0,1,1
domestic,1,0,1
domestic violence,3,1,4
domestic violence complaint,3,1,4
violence,0,3,3
complaint,4,3,7
dismissed,8,2,10
hearing,2,0,2
BBs,2,2,4
threatened,4,7,11
set it on fire,0,1,1
effectively,0,1,1
effectively nationalized,1,0,1
nationalized,8,3,11
struggling,0,4,4
fallout,5,3,8
nations property bust,1,0,1
property bust,4,1,5
bust,1,1,2
saddled,6,4,10
worth,0,1,1
bad property loans,1,0,1
property loans,1,0,1
analysts,10,4,14
government,1,0,1
expected,1,1,2
announce,0,1,1
financial,1,0,1
financial sector reforms,7,2,9
sector,4,0,4
sector reforms,0,1,1
reforms,1,4,5
trouble,0,2,2
audiences,6,2,8
belief,0,1,1
abandon,8,5,13
Biddle,0,1,1
interview,1,1,2
embassy,3,1,4
neighbors,0,2,2
AFP bureau,1,0,1
bureau,3,1,4
embassy,3,0,3
“under lockdown”,1,5,6
lockdown”,1,1,2
warned,1,1,2
“take cover,1,0,1
dropped,0,3,3
night skies,0,3,3
amid,5,7,12
amid secrecy,3,3,6
secrecy,2,2,4
deal,0,1,1
cementing,8,7,15
combat,2,3,5
extremist,5,5,10
extremist threat,2,1,3
stalks,4,7,11
resurgent,10,10,20
decade,0,2,2
driven,1,0,1
refusing,1,1,2
questioned,1,1,2
suspicion,10,10,20
suspicion of murder,0,1,1
arrested,1,1,2
suspicion,2,1,3
suspicion of assisting an offender,1,0,1
assisting,3,3,6
assisting an offender,1,0,1
offender,2,9,11
released,1,2,3
without charge,2,0,2
charge,1,2,3
Toome,1,2,3
shooting,0,1,1
Deputy,0,1,1
Deputy First Minister,1,0,1
McGuinness,0,1,1
visited,0,1,1
victims,1,5,6
deep shock,3,0,3
shock,0,1,1
clearly deeply,0,1,1
traumatised,10,10,20
seriously injured,0,1,1
wider community,2,4,6
community,1,0,1
SDLP Mid-Ulster,0,1,1
overwhelming,10,10,20
overwhelming sense of shock,1,0,1
ambassador,6,2,8
evacuated,10,10,20
embassy,5,2,7
AFP,1,0,1
arrived,0,1,1
ambassadors,1,0,1
announced,0,2,2
flew,0,1,1
flew in,0,1,1
complete secrecy,3,2,5
secrecy,8,3,11
protesters,2,6,8
embassy,0,2,2
embassy headquarters,1,0,1
headquarters,1,2,3
residential,1,1,2
residential building,0,1,1
forcing,1,1,2
forcing the evacuation,0,1,1
evacuation,8,5,13
embassy,1,2,3
embassy staff,1,0,1
staff,0,2,2
Crowds,0,2,2
smashed,2,2,4
smashed through,0,2,2
external,2,1,3
external security,1,0,1
external security wall,3,0,3
security wall,1,0,1
tossed,1,8,9
tossed embassy,0,1,1
embassy,2,0,2
embassy papers,1,0,1
balconies,3,1,4
tore,0,1,1
tore down,0,2,2
worst,1,0,1
worst incident,0,2,2
incident,2,2,4
mission,0,1,1
peace treaty,4,4,8
treaty,2,2,4
believe,0,1,1
election,1,0,1
fair,1,0,1
Interfax,0,1,1
ignoring,1,2,3
public opinion,1,0,1
opinion,0,1,1
discredits,10,10,20
authorities,3,2,5
destabilizes,10,10,20
destabilizes the situation,1,0,1
numerous,0,1,1
numerous falsifications,3,2,5
numerous falsifications and ballot stuffing,1,0,1
falsifications,10,9,19
ballot,2,1,3
ballot stuffing,7,8,15
stuffing,0,4,4
parliamentary,6,3,9
parliamentary vote,1,0,1
tiring,1,1,2
dominated,8,5,13
political forces,1,0,1
reputation,6,4,10
reputation for corruption,1,1,2
corruption,9,4,13
officially registered,1,0,1
presidency,2,1,3
unusually,1,1,2
unusually sustained protests,2,0,2
sustained,7,6,13
sustained protests,1,0,1
suggested,1,0,1
his drive,1,0,1
retake,0,1,1
smoothly,0,2,2
pro-Kremlin,5,0,5
pro-Kremlin supporters,2,0,2
supporters,2,1,3
staged,2,5,7
attracted,0,1,1
highlighting,6,3,9
highlighting political,1,0,1
highlighting political divisions,1,0,1
political divisions,3,1,4
divisions,2,0,2
signal,1,0,1
presidency,0,1,1
expected,1,2,3
downplayed,9,10,19
downplayed the reduced majority,2,0,2
reduced majority,1,0,1
majority,0,1,1
inevitable,10,9,19
dismissed,5,3,8
dismissed allegations,4,1,5
dismissed allegations of corruption,1,0,1
allegations,9,10,19
corruption,10,4,14
United Russia party,1,0,1
United Russia party members,1,0,1
neighbouring,1,0,1
neighbouring housing estate,2,1,3
housing estate,2,2,4
estate,1,0,1
reported,0,1,1
authorities,5,0,5
determined,7,4,11
pretty,0,1,1
pretty certain,0,1,1
summoned,10,10,20
ambassador,4,0,4
blocked,0,2,2
Philippine,1,0,1
Navy vessel,0,1,1
vessel,6,3,9
arresting,2,1,3
fishing vessels,1,0,1
vessels,0,2,2
anchored,7,7,14
anchored off,0,3,3
Scarborough,1,0,1
Scarborough Shoal,1,0,1
Shoal,0,1,1
Philippine,1,0,1
Rosario,1,0,1
foreign,1,0,1
foreign affairs secretary,2,0,2
ambassador,3,1,4
contest,2,2,4
contest sovereignty,3,1,4
sovereignty,9,10,19
reefs,3,3,6
nautical,6,1,7
nautical miles,2,3,5
foreign affairs department,2,1,3
department,1,1,2
statement,0,1,1
Philippines,1,0,1
flagship,4,3,7
flagship warship,3,1,4
warship,1,0,1
vessels,4,2,6
patrolling,6,6,12
suspicion,5,5,10
suspicion of murder,2,2,4
bail,4,3,7
pending,2,3,5
pending further enquiries,2,1,3
enquiries,7,6,13
approval,0,3,3
regulators,6,2,8
clearing a final hurdle,1,0,1
final hurdle,0,2,2
hurdle,7,6,13
boosts,1,2,3
patents,3,0,3
patents portfolio,7,2,9
portfolio,5,6,11
competition,4,1,5
approval,1,0,1
jurisdictions,10,9,19
"jurisdictions,”",1,0,1
confirming,0,2,2
close imminently,1,0,1
imminently,10,10,20
acquisition,10,8,18
announced,1,0,1
approvals,1,0,1
jurisdictions,6,3,9
regulatory,3,1,4
regulatory filing,6,1,7
filing,0,2,2
legal disputes,3,4,7
disputes,0,3,3
smartphone,1,0,1
smartphone  software,1,0,1
software,0,2,2
patents,4,0,4
Libertyville,0,1,1
ambassador,4,1,5
expected,0,1,1
expected to travel,0,1,1
present his credentials,1,0,1
credentials,10,9,19
embassy,3,2,5
staffed,6,10,16
resume,0,2,2
resume normal activity,2,0,2
acceptable,0,1,1
security,1,0,1
security arrangements,3,2,5
arrangements,1,4,5
peace treaty,2,4,6
treaty,0,1,1
hostility,10,9,19
Anti-Israeli sentiment,1,0,1
sentiment,7,2,9
muted,4,6,10
overthrown,4,8,12
more vocal,0,1,1
vocal,5,5,10
postmortem,10,6,16
teenager,0,1,1
detectives,1,1,2
murder,1,0,1
serious wounding,1,0,1
wounding,3,5,8
EU,1,0,1
issued,0,2,2
ministers,1,0,1
bloc,7,4,11
adopted,1,2,3
sanctions,10,5,15
sanctions against the Syrian regime,1,0,1
regime,7,7,14
Rebels,2,1,3
rights group,0,1,1
opposed,1,0,1
battles,0,1,1
undermined,10,5,15
undermined a sagging,1,0,1
sagging,5,8,13
sagging U.N.-backed ceasefire,1,0,1
ceasefire,8,9,17
outskirts,8,6,14
heavy army shelling,1,0,1
shelling,6,4,10
opposition,3,0,3
opposition sources,2,0,2
rebel commander,1,0,1
slipped,2,1,3
slipped in,0,2,2
government,1,0,1
uprising,6,8,14
erupted,5,4,9
Shelling,3,0,3
intensified,9,7,16
activists,2,1,3
blow,2,1,3
blow to,0,1,1
ceasefire,2,2,4
declared,1,0,1
peace envoy,0,1,1
envoy,9,1,10
U.N. monitoring mission,1,0,1
monitoring,4,1,5
monitoring mission,0,1,1
ground,1,0,1
observing,1,0,1
separated,9,3,12
separated from Thomas,0,1,1
according,1,0,1
to an observatory,0,1,1
observatory,10,9,19
made the discovery,0,1,1
discovery,2,3,5
discovery at Bidston Hill,0,1,1
observatory,2,1,3
following a call,0,1,1
concerned,4,10,14
concerned member of the public,2,0,2
arrested,0,1,1
suspicion,10,9,19
suspicion of murder,1,3,4
murder,1,0,1
victim,2,5,7
believed to be in her late teens,0,1,1
her late teens,0,1,1
late teens,1,0,1
teens,0,1,1
formally,1,0,1
formally identified,4,3,7
identified,2,5,7
post-mortem,6,7,13
post-mortem examination,5,1,6
examination,1,0,1
establish,1,4,5
establish the cause of death,0,1,1
expected,0,2,2
appealing,7,7,14
appealing for information,0,1,1
information,2,1,3
acting suspiciously,1,1,2
suspiciously,10,5,15
forward,0,1,1
Goodyear,1,1,2
Deupities,6,7,13
neighbor,1,2,3
previously,3,2,5
domestic,4,1,5
domestic abuse,6,5,11
abuse,0,4,4
block,1,1,2
trouble makers,1,1,2
BB guns,0,2,2
lighting,0,1,1
lighting fireworks,0,1,1
fireworks,0,5,5
guy,0,1,1
to board up his windows,0,1,1
board,1,2,3
board up,1,3,4
basically,1,1,2
destroyed,2,1,3
yelling,3,5,8
midnight and stuff,0,1,1
stuff,1,4,5
Deputies,2,0,2
notified,7,5,12
notified of the incident,2,0,2
incident,4,3,7
indicate,6,2,8
difficult,0,1,1
difficult time,1,0,1
composing,10,9,19
composing himself,2,0,2
investigators,6,3,9
investigators interviewed,1,1,2
interviewed,1,1,2
ongoing,6,7,13
ongoing problem,1,1,2
Goodyear,1,0,1
arrested,1,1,2
domestic,7,2,9
domestic violence,3,4,7
domestic violence charge,3,1,4
violence,1,0,1
charge,0,1,1
accused,7,6,13
accused of,0,1,1
accused of hitting,0,1,1
hitting,0,1,1
damage,0,1,1
classmate,0,1,1
drastic,10,10,20
described,1,2,3
Pebbles,0,1,1
caring,0,1,1
mood,0,1,1
pastor,4,0,4
attended,0,1,1
attended described,1,0,1
described,1,0,1
normal stuff,0,2,2
stuff,0,1,1
punching,4,6,10
punching some walls,0,1,1
Rockledge,0,1,1
Fla,1,0,1
goal,0,1,1
defeat,0,3,3
deny,0,3,3
rebuild,1,1,2
reach,0,2,2
Asserting,10,10,20
achieved,2,1,3
security,1,0,1
transition,10,7,17
in earnest,2,0,2
earnest,8,6,14
troops,0,1,1
step back,0,1,1
combat,1,3,4
combat role,1,2,3
counter-terrorism,6,8,14
counter-terrorism operations,6,1,7
operations,2,0,2
Insurgents,10,9,19
targeting,0,4,4
foreigners,1,0,1
brief unannounced,1,0,1
unannounced,6,3,9
claimed,0,1,1
responsibility,2,0,2
assault,1,7,8
heavily  secured,1,0,1
heavily  secured compound,1,0,1
secured,0,1,1
compound,6,1,7
compound housing,0,1,1
housing,0,1,1
international,2,0,2
eastern outskirts,0,1,1
outskirts,10,7,17
capital,1,0,1
Observatory,9,5,14
rebels,0,1,1
vehicles,0,1,1
clashes,4,3,7
accounts,1,0,1
independently,5,1,6
independently confirmed,5,2,7
raided,3,3,6
Sunni,0,1,1
province,2,1,3
torching,5,7,12
torching homes,2,1,3
looting,6,9,15
looting shops,3,1,4
worsening,5,4,9
worsening relations,3,1,4
relations,1,0,1
overwhelmingly,9,8,17
Sunni,0,1,1
ruling,0,1,1
ruling elite,2,2,4
elite,5,3,8
minatory,10,4,14
minatory Alawite sect,2,0,2
Alawite,0,1,1
Alawite sect,1,1,2
sect,5,0,5
Sectarian,6,0,6
Sectarian tensions,2,3,5
tensions,1,0,1
new element,0,1,1
element,2,0,2
accuse,1,1,2
exploiting,8,3,11
unleashing,6,8,14
unleashing Alawite gunmen,1,0,1
shabiha,5,1,6
hired,0,2,2
hired muscle,3,3,6
muscle,1,0,1
regime,2,0,2
government,1,0,1
has taken steps,0,1,1
support banks,1,0,1
analysts,10,8,18
fix the problem,0,1,1
surprise,0,1,1
agreement,0,4,4
agreement outlining,1,0,1
outlining,5,4,9
outlining the U.S. role,1,1,2
decade-long,3,5,8
decade-long war,0,1,1
winds,0,1,1
winds down,3,4,7
Hamid Karzai,1,0,1
strategic,1,1,2
strategic partnership,10,6,16
strategic partnership agreement,0,1,1
partnership,0,1,1
govern,2,0,2
involvement,2,1,3
combat,0,1,1
combat troops,4,1,5
troops,0,1,1
withdrawn,4,6,10
landed,0,1,1
Bagram,1,0,1
according,0,1,1
according to,1,0,1
pool,0,1,1
pool report,10,4,14
make clear,2,0,2
instead,0,1,1
strategic,5,3,8
strategic partnership,4,2,6
strategic partnership deal,5,3,8
troops,0,1,1
rebuild,1,4,5
rebuild their country,1,0,1
Taliban,1,0,1
spokesman,3,3,6
Reuters,1,1,2
telephone,1,0,1
undisclosed,9,6,15
undisclosed location,5,3,8
ambassador,6,1,7
involvement,1,3,4
Haqqani network,2,1,3
network,2,0,2
blames,0,3,3
high-profile,7,4,11
high-profile attacks,2,4,6
ruled,0,1,1
ruled out,2,2,4
anniversary,1,2,3
Crocker,0,1,1
believe,0,1,1
sole,8,2,10
sole turning point,5,2,7
turning point,2,3,5
Opposition,4,0,4
Opposition parties,1,1,2
international,2,0,2
international observers,2,1,3
observers,1,1,2
poll,1,1,2
poll was marred,0,1,1
was marred,0,1,1
marred,7,10,17
widespread,5,4,9
allegations,7,8,15
allegations of vote-rigging,1,0,1
vote-rigging,8,10,18
allegations,6,4,10
fired up,0,1,1
opposition,2,0,2
protests,0,1,1
protests crushed,0,2,2
crushed,0,1,1
pleas,3,9,12
ignored,1,0,1
Kremlin-dominated,5,1,6
Kremlin-dominated media,3,1,4
announcing,2,1,3
opposition,3,0,3
opposition rally,0,1,1
rally,0,2,2
Interior Ministry,0,1,1
Interior Ministry troops,2,1,3
deployed,5,6,11
Interior,1,0,1
armed force,0,1,1
manned,5,7,12
manned by conscripts,1,1,2
conscripts,10,9,19
Muscovites,2,0,2
spotted,0,4,4
patrolling,4,3,7
rare,1,0,1
sight,0,2,2
commander,2,0,2
accused,3,1,4
crimes against humanity,2,0,2
humanity,4,0,4
accused,1,0,1
brutal,3,2,5
brutal campaign,2,1,3
brutal campaign of ethnic cleansing,0,1,1
ethnic,1,1,2
ethnic cleansing,6,5,11
cleansing,1,1,2
prompted,3,10,13
surveillance,8,10,18
surveillance ships,2,4,6
insert,3,3,6
insert themselves,0,1,1
situation,1,1,2
Embassy,0,2,2
got in touch,0,1,1
in touch with,0,1,1
reiterated,10,10,20
claim,0,1,1
claim of sovereignty,2,0,2
sovereignty,6,10,16
sovereignty over,0,1,1
urging,2,9,11
ambassador,0,3,3
replaced,0,1,1
media,1,0,1
media reports,1,0,1
airlifted,4,9,13
angry protesters,0,1,1
protesters,2,1,3
embassy,0,3,3
involuntary,1,4,5
involuntary manslaughter,8,5,13
manslaughter,3,9,12
expressed,2,2,4
official apologies,1,0,1
apologies,1,3,4
incident,2,2,4
to hold,0,1,1
series,1,0,1
farewell,3,5,8
farewell meetings,2,3,5
security operation,3,1,4
operation,0,1,1
Moscow,0,1,1
show of force,1,0,1
protests,0,1,1
scandal-marred,10,10,20
scandal-marred elections,0,1,1
struggle,0,4,4
majority,2,0,2
Demonstrations,5,4,9
unusually,1,1,2
unusually sustained,0,1,1
unusually sustained show,0,1,1
sustained,9,6,15
show of indignation,1,0,1
indignation,10,10,20
opposition,3,0,3
rallied,2,7,9
Interior Ministry,0,1,1
Interior Ministry troops,1,0,1
detained,4,7,11
protesters,2,2,4
parliamentary,6,1,7
suggested,1,1,2
tiring,0,3,3
allegations,5,10,15
vote-rigging,9,10,19
fired up,1,0,1
opposition,2,0,2
crushed,2,1,3
pleas,3,3,6
ignored,0,2,2
Kremlin-dominated,5,0,5
Kremlin-dominated media,1,1,2
detained,5,3,8
regularly dismissed,1,0,1
regularly dismissed the protests,1,0,1
dismissed,5,5,10
protests,0,3,3
indisputable,6,6,12
indisputable sovereignty,8,5,13
sovereignty,6,10,16
historical,2,0,2
historical grounds,2,2,4
outgoing,1,2,3
outgoing ambassador,1,1,2
ambassador,7,3,10
bid,0,1,1
bid farewell,1,1,2
farewell,1,8,9
colleagues,2,1,3
evacuation,10,10,20
spokesman,3,3,6
Levanon,0,1,1
retiring,1,2,3
departed,1,3,4
bid farewell,2,0,2
farewell,1,2,3
colleagues,3,1,4
Foreign Ministry deputy spokesman,1,0,1
spokesman,1,0,1
general atmosphere,2,0,2
atmosphere,4,1,5
anti-Israel sentiments,1,2,3
sentiments,6,5,11
stormed,3,5,8
embassy,1,1,2
tore,1,1,2
tore apart,0,3,3
security wall,2,0,2
emergency,0,1,1
emergency evacuation,1,1,2
evacuation,4,1,5
definitive,8,4,12
definitive clean-up,3,2,5
definitive clean-up of troubled banks,1,0,1
clean-up of troubled banks,1,0,1
troubled,0,2,2
troubled banks,2,0,2
accelerated,7,7,14
package,0,1,1
package of reforms,1,0,1
reforms,1,1,2
centre-right,7,2,9
European Union,0,1,1
tough,0,1,1
tough deficit targets,2,1,3
deficit,4,5,9
deficit targets,3,3,6
targets,1,0,1
EU,1,0,1
Reuters,1,2,3
edge,0,1,1
cliff,1,4,5
deliver,0,1,1
national,1,0,1
national crisis,2,0,2
crisis,1,2,3
degenerate,10,10,20
systemic,2,1,3
systemic crisis,7,5,12
effectively,0,1,1
market anxiety,4,2,6
anxiety,3,6,9
lenders,1,4,5
lenders viability,4,4,8
viability,7,4,11
big boost,0,2,2
boost,2,3,5
banking reform plans,4,0,4
reform,2,1,3
seized,10,8,18
technical,4,0,4
technical and forensic examination,3,0,3
forensic,5,6,11
forensic examination,7,2,9
ambassador,2,1,3
staff,0,1,1
evacuated,10,8,18
protesters,4,2,6
stormed,4,6,10
embassy,0,1,1
Playing down,1,2,3
Playing down the significance,1,0,1
significance,5,4,9
identified,0,1,1
farewell,2,2,4
farewell meetings,1,2,3
diplomats,5,5,10
retirement,3,2,5
embassy,0,1,1
high-rise,1,3,4
high-rise building,2,1,3
unoccupied,7,2,9
protesters,3,0,3
trapping,2,4,6
rescued,0,6,6
incident,1,0,1
pursuing,3,4,7
pursuing militants,2,0,2
militants,7,3,10
ambushed,10,10,20
Observatory,3,3,6
dozens,0,2,2
wounded,0,3,3
wounded in shelling,1,0,1
shelling,7,9,16
shelling of the city,1,0,1
bombardment,10,8,18
bombardment by regime forces,2,0,2
regime,4,4,8
resumed,1,3,4
deadly clashes,0,1,1
clashes,0,1,1
province,1,3,4
Deir Ezzor,1,0,1
machinegun,3,2,5
machinegun fire,2,1,3
regime,1,1,2
regime forces,0,1,1
raided,1,3,4
Observatory,0,2,2
The watchdog,0,1,1
watchdog,8,10,18
capital,1,0,1
regime,1,2,3
raided,1,3,4
neighborhood,1,1,2
snipers,8,10,18
stationed,4,2,6
watchdog,2,2,4
civilians,1,0,1
rebels,0,3,3
a surge of violence,0,1,1
surge,5,4,9
surge of violence,0,2,2
violence,0,1,1
various flashpoints,2,0,2
flashpoints,10,10,20
despite,0,2,2
ceasefire,5,9,14
ceasefire brokered,4,1,5
brokered,1,6,7
peace envoy,0,1,1
envoy,4,3,7
Kofi Annan,1,0,1
government,1,0,1
sweeping,3,7,10
sweeping action,5,2,7
effectively,1,2,3
salvage,10,8,18
balance sheet,3,2,5
bulging,9,8,17
independent,2,1,3
independent audit,3,1,4
audit,4,2,6
assets,1,0,1
banking sector,2,0,2
sector,1,0,1
Luis de Guindos,1,0,1
economy,1,0,1
complete transparency,1,0,1
transparency,7,9,16
clarity,6,2,8
crucial,2,3,5
solvency,10,9,19
property holdings,1,0,1
asset-management,3,4,7
asset-management firms,2,0,2
fire-sale,5,7,12
Deficit-cutting,4,9,13
Deficit-cutting targets,2,0,2
targets,0,1,1
annnounced,1,2,3
stood,0,1,1
ambitious,3,8,11
ambitious deficit-cutting,1,0,1
deficit-cutting,4,2,6
despite,0,1,1
forecasts,4,8,12
recovering,4,5,9
chest,0,1,1
Ballyfermot,0,1,1
Ballyfermot area,1,0,1
victim,0,5,5
pub,2,0,2
getaway,8,8,16
burnt,2,2,4
burnt out,1,0,1
Inchicore,0,1,1
recovered,2,0,2
victim,3,0,3
injuries,0,2,2
life-threatening,10,9,19
technical,5,1,6
technical and forensic examination,3,1,4
forensic,5,4,9
forensic examination,8,4,12
Gardaí,0,1,1
witnesses,3,1,4
silver saloon car,1,0,1
saloon,2,1,3
saloon car,4,2,6
subsequently,10,6,16
subsequently discovered,1,0,1
insists,0,3,3
sovereign,8,8,16
sovereign rights,3,4,7
mainland,1,4,5
sovereign,6,3,9
sovereign rights,1,2,3
exclusive,4,3,7
exclusive economic,1,0,1
exclusive economic zone,2,2,4
economic,2,0,2
economic zone,1,0,1
position,1,1,2
supported,0,1,1
international,1,0,1
international law,0,1,1
overlapping,5,5,10
overlapping claims,2,5,7
claims,0,1,1
s potential flashpoints,1,0,1
potential,2,2,4
potential flashpoints,3,2,5
flashpoints,7,10,17
armed conflict,1,2,3
conflict,1,4,5
complained,0,1,1
increasingly,0,1,1
increasingly aggressive,2,0,2
increasingly aggressive acts,1,0,1
aggressive,4,3,7
aggressive acts,0,2,2
staking,3,8,11
staking its claim,1,0,1
accused,1,3,4
Chinese vessels,0,1,1
vessels,3,1,4
warning,1,0,1
warning shots,0,2,2
harassing,8,10,18
harassing an oil exploration vessel,1,0,1
oil exploration,1,0,1
oil exploration vessel,2,1,3
exploration,4,3,7
exploration vessel,1,0,1
vessel,0,2,2
Thus far,1,1,2
government,1,0,1
boost,6,4,10
sector,1,0,1
sectors,3,0,3
sectors stocks,3,3,6
stocks,1,1,2
index,2,2,4
index of leading shares,1,0,1
leading,0,1,1
leading shares,4,2,6
healthiest,3,4,7
healthiest banks,1,3,4
suffered,1,3,4
Santander,0,1,1
eurozone,1,0,1
eurozones,6,0,6
assets,2,3,5
BBVA,1,1,2
Bankia,0,1,1
skidded,7,10,17
Bankia,0,1,1
stake,1,5,6
crisis,3,4,7
crisis measure,3,2,5
crippling,6,10,16
crippling bad loans,4,1,5
in exposure,1,0,1
exposure,4,4,8
exposure to the property sector,0,1,1
property sector,3,0,3
Sunni,0,1,1
Sunni gunmen,2,0,2
gunmen,0,1,1
divides,2,2,4
Sunni and Alawite,1,0,1
Alawite,0,1,1
Alawite areas,1,0,1
northern,1,0,1
restricts,6,3,9
restricts media access,2,0,2
media access,1,1,2
access,1,1,2
difficult to verify accounts,1,0,1
verify,2,1,3
verify accounts,2,0,2
accounts,0,1,1
unrest,5,10,15
Sunni,0,1,1
majority,1,1,2
forefront,6,10,16
forefront of the uprising,1,0,1
uprising,3,5,8
minority,1,0,1
minority Alawite sect is an offshoot,1,0,1
Alawite,0,1,1
Alawite sect,2,1,3
sect,3,2,5
offshoot,8,10,18
Shiite,0,1,1
Shiite Islam,1,0,1
government,1,0,1
divide,1,0,1
Rastan,0,1,1
Sunni,0,1,1
conscripts,8,10,18
provide,0,1,1
manpower,4,3,7
dominated,1,4,5
Alawite,0,1,1
Rastan,0,1,1
defecting,7,5,12
demonstrators,4,3,7
notables,8,5,13
serious armed confrontations,2,0,2
confrontations,7,9,16
army defectors,1,0,1
defectors,5,7,12
loyalist,3,3,6
loyalist forces,1,0,1
regained,2,3,5
falling back,0,1,1
rebel,1,4,5
acquisition,10,10,20
wireless-equipment,5,5,10
wireless-equipment deal,1,0,1
deal,0,1,1
decade,0,3,3
data,1,0,1
data compiled,1,0,1
compiled,8,7,15
stance,4,8,12
agreed,1,0,1
acquire,6,3,9
look forward to,0,1,1
closing the deal,2,0,2
confirmed,2,3,5
received word,1,0,1
authorities,1,3,4
purchase,1,0,1
approved,1,2,3
fell,0,1,1
New York  trading,1,0,1
trading,1,0,1
shares,2,2,4
fallen,0,1,1
closed,1,0,1
unchanged,1,1,2
stock,2,1,3
year to date,0,1,1
teenager,0,3,3
seriously injured,1,2,3
injured,0,1,1
gun attack,0,1,1
fatal,3,6,9
fatal incident,4,3,7
incident,1,0,1
occurred,1,2,3
ranged,5,5,10
ranged in age,0,1,1
appeared,3,4,7
had been,0,1,1
shot,1,1,2
residence,9,2,11
residence next door,1,0,1
neighbor,0,4,4
then heard,0,1,1
heard,0,1,1
gunshots,0,2,2
neighbor,0,1,1
deputies,7,5,12
text message,1,1,2
message,0,1,1
to be cremated,0,1,1
cremated,10,10,20
shooting,0,1,1
Space Coast,3,0,3
Kennedy Space Center,1,0,1
location,1,1,2
numerous,5,5,10
numerous shuttle launches,1,0,1
shuttle,3,3,6
shuttle launches,1,2,3
launches,1,3,4
Gardaí,1,1,2
technical,5,0,5
technical examination,5,3,8
examination,4,0,4
shooting,0,1,1
deal,0,2,2
signed,1,0,1
Karzai,2,0,2
commit,5,4,9
specific,1,2,3
specific troop presence,1,0,1
troop,0,1,1
troop presence,2,0,2
presence,1,0,1
spending,1,0,1
potentially,5,4,9
potentially keep troops,0,1,1
troops,1,1,2
specific,1,1,2
specific purposes,1,0,1
purposes,0,1,1
continued,0,1,1
targeted,0,1,1
targeted operations,5,1,6
operations,1,0,1
seek,2,1,3
seek money from Congress,1,0,1
Congress,2,0,2
suicide,4,2,6
suicide car bomb,3,0,3
privately,0,1,1
privately guarded compound,3,0,3
guarded,0,1,1
compound,6,2,8
sits off,2,0,2
thoroughfares,10,10,20
Interior Ministry,1,0,1
spokesman,1,3,4
blast,2,3,5
included,0,1,1
station wagon,2,4,6
wagon,1,1,2
passer-by,4,3,7
passer-by and,0,1,1
Nepalese,1,0,1
evaded,8,10,18
evaded capture,3,1,4
capture,0,3,3
most wanted men,0,1,1
arrested,2,1,3
Yugoslav,0,1,1
War Crimes,1,0,1
War Crimes tribunal,0,2,2
tribunal,9,3,12
Hague,1,1,2
accused,1,3,4
worst,0,2,2
worst atrocities,2,1,3
atrocities,9,10,19
denied,0,3,3
charges,0,1,1
genocide,10,10,20
murder acts of terror,2,0,2
terror,0,2,2
crimes against humanity,3,0,3
humanity,4,1,5
infamous,7,4,11
accuses,1,1,2
overseeing,3,4,7
massacre,6,5,11
thumbs-up,4,4,8
thumbs-up and clapped,1,0,1
clapped,0,3,3
supporters,1,0,1
courts public gallery,2,0,2
gallery,2,0,2
trial,0,2,2
Preliminary,10,7,17
Preliminary results,2,0,2
indicate,1,3,4
steep,2,3,5
steep fall,1,4,5
earlier majority,1,0,1
majority,3,0,3
Opposition,5,0,5
Opposition parties,1,0,1
international observers,1,0,1
observers,1,2,3
poll,0,1,1
marred,7,10,17
widespread,2,3,5
allegations,10,8,18
allegations of vote-rigging,1,1,2
vote-rigging,7,10,17
surround,0,1,1
Russian opposition leader,1,0,1
opposition,2,1,3
detained,6,8,14
unauthorized,10,7,17
unauthorized rally,3,1,4
rally,1,3,4
foreign minister,1,0,1
swipe,3,10,13
criticism,6,7,13
hold forth,1,1,2
fatally,4,2,6
fatally shot,0,2,2
sought,2,3,5
neighbor,0,1,1
fatal,3,2,5
fatal shots,1,0,1
Analysts,7,4,11
measures,3,1,4
accuse,4,7,11
government,1,0,1
reacting,1,0,1
diagnosed,9,8,17
professor of Financial Management,1,0,1
Financial,1,0,1
Management,1,0,1
IESE,1,1,2
Bankia,0,1,1
confidence,1,2,3
confidence generated,1,1,2
generated,4,0,4
generated,2,1,3
generated growth,1,1,2
growth,0,2,2
analyst,1,0,1
reform,2,3,5
represent,1,1,2
dispelling,9,10,19
dispelling doubts,4,2,6
strength,0,1,1
regain,0,4,4
market confidence,3,1,4
successive,4,3,7
successive rounds,3,1,4
rounds,0,1,1
financial system reform,3,0,3
reform,2,0,2
necessary credibility,2,0,2
credibility,8,9,17
big bang,0,2,2
big bang solution,8,2,10
specifies,1,0,1
recapitalize,10,9,19
recapitalize the banks,1,0,1
reforms,3,1,4
disappoint,0,1,1
Unfortunately,6,3,9
text,1,1,2
incident,5,3,8
incident occurred,1,2,3
occurred,3,1,4
distraught,10,10,20
motive,7,9,16
authorities,5,4,9
received,1,0,1
previous,0,1,1
pertaining,10,10,20
domestic,1,2,3
domestic violence,5,4,9
violence,0,2,2
commit,1,1,2
grisly,10,10,20
grisly act,2,2,4
remained,0,1,1
calm,1,1,2
comprehend,10,10,20
neighbor,1,1,2
Moments,0,2,2
Moments later,0,1,1
neighbor,0,1,1
authorities,10,5,15
gunshots,1,1,2
Sheriff,1,0,1
Sheriffs deputies,1,0,1
deputies,2,7,9
arrived,0,1,1
additional,3,2,5
Lieutenant,2,3,5
deputies,2,2,4
armed,1,0,1
final shot,0,1,1
Lieutenant,3,0,3
Shortly after,0,1,1
special weapons team,4,1,5
weapons,1,1,2
entered,0,1,1
authorities,3,1,4
self-inflicted,10,10,20
self-inflicted gunshot wound,1,0,1
wound,1,1,2
front yard,0,1,1
Lieutenant,2,0,2
related,1,0,1
incidents,10,4,14
most recent,0,1,1
recent,1,1,2
Easter,0,1,1
effort,0,3,3
progress,1,3,4
progress has been made,1,0,1
assure,4,3,7
cut and run,3,1,4
combat,1,3,4
combat mission,3,4,7
combat mission ends,0,1,1
mission,0,1,1
mission ends,1,0,1
battle,0,1,1
successful,1,0,1
successful conclusion,2,2,4
conclusion,5,5,10
involves,0,2,2
nation-building,8,5,13
twin,0,1,1
twin narratives,4,3,7
narratives,8,9,17
messages,0,1,1
meant,0,1,1
audiences,4,6,10
brief,0,1,1
symbolic,10,3,13
symbolic visit,0,2,2
the more important audience,1,0,1
audience,3,0,3
fed,0,1,1
fed up,4,6,10
broadband,1,1,2
broadband communications infrastructure,6,3,9
infrastructure,6,7,13
enterprise,3,3,6
enterprise mobility,6,1,7
mobility,2,1,3
public safety solutions,1,1,2
solutions,1,0,1
wireline,4,3,7
wireline digital communication devices,1,0,1
communication,1,0,1
compelling,8,9,17
compelling experiences,3,1,4
next wave,0,1,1
next wave of innovations,1,0,1
wave,2,0,2
wave of innovations,1,0,1
innovations,8,9,17
enterprises,1,2,3
NYSE: MOT,1,0,1
advertising,1,0,1
aim,0,1,1
organize,1,0,1
monetize,10,9,19
monetize the worlds information,1,0,1
worlds information,0,1,1
dominant,6,7,13
dominant search engine,1,0,1
plethora,9,10,19
plethora of,0,2,2
plethora of online tools,1,0,1
extension,2,2,4
social space,1,0,1
Web-based,1,0,1
funded,1,1,2
highly integrated,1,0,1
highly integrated online advertising platforms,2,0,2
integrated,8,4,12
online,0,1,1
online advertising platforms,1,0,1
advertising,1,0,1
platforms,1,0,1
raided,2,2,4
Sunni,0,1,1
torching,3,4,7
torching homes,0,1,1
looting,3,6,9
looting shops,0,2,2
activists,2,6,8
worsening,2,8,10
worsening relations,1,0,1
Investigating,6,4,10
Investigating officers,2,1,3
appealed,7,10,17
appealed to anyone,1,0,1
Gardaí,0,2,2
technical,2,0,2
technical examination,7,4,11
examination,6,0,6
shooting,1,0,1
treated,1,0,1
injured,1,4,5
attack,1,0,1
victim,0,4,4
sat,0,1,1
Finnegan’s pub,0,1,1
pub,3,1,4
drove,0,1,1
nearby,1,0,1
called for,0,1,1
injuries,0,3,3
non-life-threatening,10,10,20
gunman,0,1,1
gunman fled,0,1,1
fled,1,5,6
silver saloon,1,0,1
silver saloon car,0,1,1
saloon,5,1,6
saloon car,4,0,4
burnt,2,2,4
burnt out,2,4,6
SWAT,2,1,3
SWAT team,4,2,6
arrived,0,1,1
heard,1,1,2
gunshots,0,3,3
SWAT,1,1,2
SWAT officers,1,0,1
entered,0,1,1
back sliding door,1,1,2
sliding,1,1,2
sliding door,0,1,1
identified,4,4,8
separated,8,3,11
notified,5,6,11
texted,0,6,6
cremated,10,10,20
woke,0,1,1
incident,10,5,15
identified,4,1,5
seeing,0,1,1
occurred,1,7,8
compound,6,7,13
private security guards,2,0,2
foreign diplomats,1,0,1
diplomats,5,3,8
employees,1,1,2
ministry spokesman,1,0,1
spokesman,1,4,5
Residents,1,1,2
compound,5,3,8
several blasts,0,1,1
blasts,1,2,3
mortar,5,4,9
mortar explosions,3,0,3
explosions,0,3,3
gunfire,0,1,1
interview,1,2,3
Taliban,1,0,1
spokesman,1,1,2
Zabiullah Mujahid,1,0,1
mujahedin,7,4,11
Kabul,1,0,1
conduct,3,2,5
conduct an operation,2,0,2
operation,1,2,3
heart of the city,2,0,2
instead,0,1,1
strategic,2,4,6
strategic partnerships,7,4,11
partnerships,1,0,1
imposing,9,8,17
corrupt,4,6,10
corrupt and unpopular,0,1,1
unpopular,0,2,2
unpopular government,1,0,1
government,0,1,1
withdraw,2,5,7
government,2,1,3
disclose,8,3,11
disclose details,0,1,1
nationalisation,10,6,16
exposure,7,5,12
bad property loans,0,2,2
loans,0,1,1
crash,2,1,3
construction,2,1,3
construction sector,4,0,4
sector,3,0,3
second recession,1,0,1
recession,10,10,20
battling,1,3,4
swollen,1,6,7
swollen deficit,9,5,14
deficit,5,4,9
unemployment,2,1,3
stocks tumbled,0,1,1
tumbled,3,10,13
government,2,0,2
readied,2,4,6
readied drastic reforms,1,0,1
drastic,4,4,8
drastic reforms,4,3,7
reforms,0,1,1
save their balance sheets,0,1,1
balance sheets,4,1,5
sheets,0,1,1
nationalising,9,1,10
Rajoy,1,0,1
adopt,1,0,1
broad,0,3,3
broad reforms,5,2,7
reforms,2,0,2
bring to light,1,0,1
financial sectors,1,0,1
sectors,1,0,1
massive,1,1,2
massive exposure,0,1,1
exposure,1,0,1
collapsed,0,9,9
collapsed property sector,3,0,3
property,0,1,1
Market doubts,1,0,1
overextended,8,5,13
property boom,4,0,4
boom,0,3,3
bust,0,1,1
neighbor,0,2,2
heard,0,1,1
responded,5,7,12
responded to a knock,0,1,1
knock,0,1,1
knock at the door,1,0,1
Sheriffs Office,1,0,1
reporters,0,1,1
Deputies,7,4,11
arrived,0,2,2
several minutes,1,0,1
discovered,4,2,6
eldest,1,1,2
Pebbles,0,1,1
wounded,4,3,7
front yard,0,1,1
patrol,2,2,4
patrol car,2,0,2
lawn,0,3,3
attempt,3,2,5
rescue,1,7,8
rushed,0,4,4
wounds,3,2,5
suicide,9,4,13
suicide note,2,3,5
witness,2,5,7
received,0,1,1
text,0,1,1
cremated,10,10,20
Russian,0,1,1
authorities,4,3,7
authorities should annul the,1,0,1
annul,9,7,16
parliamentary,9,3,12
ex-Soviet,0,1,1
Mikhail,0,1,1
Gorbachev,0,1,1
urged,0,6,6
Wednesday,0,1,1
popular indignation,2,0,2
indignation,10,10,20
widespread,2,3,5
alleged,5,8,13
alleged election fraud,2,0,2
election fraud,1,0,1
fraud,0,2,2
Thousands,0,1,1
rallied,2,5,7
facing off,1,0,1
Interior Ministry,0,1,1
Interior Ministry troops,1,1,2
protesters,3,3,6
have been detained,1,0,1
detained,8,8,16
or deal with a rising tide of discontent,1,0,1
rising tide,3,1,4
rising tide of discontent,0,1,1
tide,0,2,2
tide of discontent,1,2,3
discontent,10,5,15
Vladimir,0,1,1
United Russia party,1,0,1
steep,2,3,5
majority,1,1,2
preliminary,8,0,8
preliminary results,2,2,4
opposition,3,1,4
opposition parties,1,0,1
international,2,0,2
international observers,1,0,1
observers,0,2,2
marred,4,9,13
vote-rigging,8,9,17
alleged,1,2,3
alleged ballot-box stuffing,0,1,1
ballot-box,1,2,3
ballot-box stuffing,3,2,5
stuffing,1,4,5
voter rolls,2,0,2
rolls,0,1,1
attack,0,1,1
send a message,1,0,1
message,0,1,1
attacks,1,1,2
forces,2,0,2
innocent,5,8,13
destroy,0,1,1
sign,0,1,1
sign agreements,1,0,1
agreements,6,4,10
focus,0,1,1
focus on,0,1,1
Zabiullah Mujahid,0,1,1
spokesman,0,7,7
mujahideen,10,2,12
arrival,0,1,1
the Taliban,1,0,1
announced,1,1,2
annual,2,1,3
annual spring offensive,1,2,3
spring,0,1,1
spring offensive,3,0,3
offensive,6,6,12
increase,0,1,1
military activity,0,1,1
Taliban,1,0,1
officials,1,0,1
target,2,5,7
Karzai,1,0,1
Karzai government,2,0,2
government,1,0,1
parliamentarians,10,3,13
international,3,0,3
international troops,1,0,1
troops,1,0,1
text,1,2,3
Deputies,4,6,10
identified,5,3,8
shooting,0,1,1
happened,0,1,1
Canaveral,0,1,1
Space Coast,1,0,1
location,0,1,1
numerous,7,4,11
numerous famed shuttle,1,0,1
famed,4,7,11
famed shuttle,0,1,1
shuttle,3,2,5
shuttle launches,3,1,4
launches,2,4,6
spokesman,2,5,7
immediately,3,2,5
history,0,1,1
agency,1,1,2
Dispatch,6,6,12
Dispatch records,3,2,5
released,0,2,2
authorities,2,4,6
authorities responded,1,0,1
responded,1,3,4
successive,10,7,17
successive days,1,0,1
Easter,1,0,1
thrown,1,1,2
Philippines Exclusive Economic Zone,2,0,2
Exclusive,2,1,3
Exclusive Economic Zone,2,3,5
Exclusive Economic Zone and Continental Shelf,1,0,1
Economic,2,0,2
Continental,1,1,2
Continental Shelf,6,3,9
Shelf,0,1,1
DFA,1,1,2
deployed,6,3,9
BRP,1,1,2
dispatched,7,6,13
boarding,2,0,2
boarding team,4,1,5
inspect,0,1,1
fishing vessels,3,1,4
vessels,3,1,4
evidence,3,1,4
catch,0,2,2
vessels,2,2,4
including,0,1,1
government surveillance,1,0,1
government surveillance ship,3,0,3
surveillance,9,2,11
surveillance ship,0,3,3
Initially,0,1,1
inspection,4,1,5
inspection team,0,1,1
illegally,0,1,1
illegally collected,0,1,1
illegally collected corals,3,0,3
corals,1,2,3
clams,1,1,2
compartments,8,1,9
first fishing vessel,1,0,1
vessel,0,2,2
boarded,1,1,2
Chinese maritime surveillance ships,1,0,1
maritime,5,1,6
maritime surveillance ships,3,0,3
maritime surveillance,2,0,2
surveillance,4,0,4
identified,1,2,3
Zhonggou,1,0,1
Shoal,4,1,5
vessels,0,1,1
preventing,1,1,2
erring,5,1,6
suggested,0,3,3
management,3,1,4
management of the wars,1,0,1
administrations,6,1,7
significantly,5,4,9
significantly degrade,3,4,7
degrade,8,2,10
major,0,1,1
successes,0,1,1
term,0,1,1
reminder,0,2,2
keenly,5,5,10
keenly aware,2,1,3
dealing,0,2,2
war-weary,10,6,16
war-weary nation,1,2,3
Post-ABC News poll,0,2,2
decade-long,2,4,6
decade-long battle,1,1,2
worth,0,2,2
incurred,10,9,19
majority,0,2,2
conflict,3,7,10
nationally,1,0,1
televised,3,1,4
televised speech,0,2,2
tailored,10,10,20
address,1,0,1
sentiment,10,5,15
ambassador,5,2,7
reaffirmed,10,7,17
governments,1,0,1
Shoal,1,0,1
facing off,1,2,3
territory,2,2,4
despite,0,1,1
despite the impasse,0,1,1
impasse,10,8,18
resolved,0,2,2
diplomatic,6,2,8
diplomatic solution,3,2,5
issue,1,0,1
government,1,0,1
detain,4,3,7
fishermen,1,0,1
prevented,1,0,1
surveillance,7,5,12
surveillance craft,4,2,6
craft,0,2,2
waters,0,1,1
shoal,9,4,13
north-western,0,1,1
province,1,0,1
disputing,9,5,14
disputing ownership,1,0,1
shoal,1,2,3
Department of Foreign Affairs,1,0,1
surveillance,8,1,9
surveillance plane,0,1,1
sighted,1,3,4
Chinese fishing vessels,1,0,1
fishing vessels,1,1,2
vessels,0,2,2
vessels anchored,1,0,1
anchored,5,4,9
lagoon,5,1,6
prompting,1,2,3
deploy,5,5,10
warship,2,1,3
recently acquired,1,0,1
acquired,10,1,11
unable,0,1,1
raise,0,2,2
funds,1,0,1
government,1,0,1
convertible,10,7,17
convertible into shares,1,0,1
shares,0,2,2
interest rate,1,2,3
government bonds,1,0,1
bonds,0,2,2
raise,0,1,1
debt,2,1,3
debt markets,3,2,5
instrument,6,2,8
contingent,3,7,10
contingent convertibles,9,5,14
convertibles,2,1,3
CoCos,3,3,6
ownership,1,0,1
still-troubled,1,0,1
still-troubled banks,0,1,1
announced,0,1,1
drastic,4,5,9
drastic reform,6,2,8
reform,1,2,3
aside,1,1,2
financial cushion,7,3,10
cushion,2,4,6
assets,3,1,4
balance sheets,2,1,3
independent,1,0,1
independent auditing firms,2,0,2
auditing,8,7,15
auditing firms,1,0,1
valuing,2,1,3
valuing banks exposure,0,1,1
exposure,3,5,8
collapsed,1,5,6
collapsed property sector,4,1,5
sector,1,0,1
conference,1,2,3
cabinet,0,1,1
cabinet meeting,2,0,2
Earlier,0,1,1
financial,1,1,2
financial sources,2,1,3
suggested,1,1,2
reform,4,4,8
partly delayed,0,1,1
delayed,1,3,4
negotiations,10,6,16
intensify,9,8,17
intensify the clean-up,0,1,1
clean-up,1,1,2
clean-up of its banks,1,0,1
last-minute,1,0,1
lenders,1,4,5
financial,1,0,1
financial system,0,1,1
financial system reforms,3,0,3
reforms,1,0,1
cabinet,3,0,3
cabinet meeting,2,0,2
to park,0,1,1
toxic,3,4,7
toxic real estate assets,3,3,6
real estate assets,1,0,1
estate,0,2,2
assets,3,1,4
holding companies,1,0,1
deepen,1,3,4
deepen losses,2,1,3
lenders,0,2,2
cabinet,3,1,4
expected to demand,0,1,1
demand,0,1,1
set aside,0,1,1
sound loans,4,3,7
real estate portfolios,5,1,6
estate portfolios,0,1,1
portfolios,6,7,13
obliged,7,7,14
provisions,9,4,13
bad assets,1,4,5
assets,2,0,2
maritime,3,3,6
maritime surveillance,6,1,7
maritime surveillance ships,5,1,6
surveillance,5,4,9
identified,0,1,1
approached,2,2,4
approached and positioned,1,0,1
positioned,3,1,4
fishing vessels,2,1,3
vessels,1,2,3
preventing,3,1,4
erring,8,7,15
Scarborough,0,1,1
asserted,10,5,15
asserted Chinese sovereignty,1,0,1
Chinese sovereignty,2,0,2
sovereignty,10,10,20
shoal,9,2,11
a rich fishing ground,1,0,1
accused,1,2,3
vessels,1,1,2
intruding,9,6,15
territory,3,0,3
Spratlys,1,0,1
regularly dismissed,2,0,2
dismissed,1,3,4
protests,0,1,1
indisputable,4,5,9
indisputable sovereignty,8,1,9
sovereignty,3,2,5
historical,1,0,1
historical grounds,1,1,2
regulatory,5,0,5
regulatory hurdle,8,5,13
hurdle,0,3,3
search engine,1,0,1
understood,2,1,3
neighbouring,3,3,6
neighbouring housing estate,1,2,3
housing estate,2,3,5
estate,3,2,5
reported,0,2,2
scene,0,3,3
deputy,0,1,1
deputy first minister,2,1,3
minister,1,0,1
Mid-Ulster MP,1,0,1
heart went out,1,1,2
tragically,8,7,15
tragically killed,0,2,2
spoken,0,1,1
state of shock,4,4,8
extend,6,6,12
victim,2,4,6
terrible,1,5,6
terrible time,0,2,2
PSNI,0,3,3
spokesman,5,6,11
alerted,6,6,12
shortly,0,1,1
eurozones,7,1,8
eurozones fourth-largest economy,1,0,1
fourth-largest,0,1,1
recession,10,10,20
battling,1,3,4
reduce,0,1,1
swollen,3,4,7
swollen deficit,7,8,15
deficit,3,6,9
unemployment,4,3,7
government,1,0,1
under intense pressure,1,0,1
intense,3,8,11
intense pressure,1,1,2
deficit,6,0,6
GDP,2,0,2
Europe Union,1,0,1
painted,1,2,3
painted a grim picture,3,0,3
grim,3,8,11
grim picture,1,3,4
reform,2,5,7
GDP,2,0,2
shrink,2,8,10
drop,0,1,1
predicted,4,6,10
Madrid,0,1,1
deficit,4,1,5
output,2,1,3
overspending,1,10,11
overspending by regional governments,1,0,1
regional governments,1,0,1
Observatory,3,3,6
LCC,1,1,2
government,1,0,1
stormed,4,10,14
Damascus,1,0,1
suburb,6,3,9
Qaboun,2,0,2
conducted,3,0,3
raids,2,0,2
deployed,5,7,12
deployed snipers,3,4,7
snipers,4,6,10
state-run,2,0,2
state-run TV,2,0,2
parliamentary,6,1,7
parliamentary elections,1,0,1
government,1,0,1
praised,1,1,2
the vote as a milestone,0,1,1
milestone,7,4,11
milestone in promised political reforms,1,0,1
political reforms,3,1,4
reforms,1,2,3
opposition,2,0,2
boycotted,10,10,20
boycotted the polls,1,0,1
polls,1,0,1
designed,1,1,2
strengthen,0,1,1
Assads,1,0,1
grip,1,1,2
uprising,1,4,5
protests,0,1,1
political,1,0,1
political reform,3,0,3
reform,0,2,2
brutally,5,4,9
brutally cracked down,1,0,1
cracked,0,1,1
cracked down,0,4,4
dissent,6,7,13
opposition,1,0,1
switched sides,1,3,4
rebels,2,3,5
turning a gun on herself,0,1,1
authorities,7,5,12
shooting happened,1,0,1
happened,0,1,1
Kennedy Space Center,1,0,1
spokesman,5,7,12
Brevard County,0,1,1
Sheriff,1,0,1
Sheriffs office,1,0,1
identified,6,3,9
victims,2,8,10
turned the gun,1,0,1
appeared,2,3,5
handgun,0,3,3
neighbor,2,2,4
dawn,3,7,10
report,1,0,1
gunfire,0,1,1
fatally,6,5,11
fatally injured,4,5,9
neighborhood,2,3,5
single family residences,4,0,4
residences,6,4,10
plug,0,2,2
plug a gaping hole,1,1,2
gaping,7,5,12
gaping hole,2,3,5
tackle,4,5,9
tackle the fallout,0,1,1
fallout,8,4,12
fallout of a property crash,0,1,1
property,1,0,1
property crash,3,0,3
crash,0,1,1
fell,0,1,1
fell short,0,2,2
expectations,4,2,6
centre-right,3,1,4
centre-right government,1,1,2
offered,0,1,1
high-interest,1,1,2
high-interest loans,2,1,3
brink,5,4,9
brink in a crisis,0,1,1
crisis,3,3,6
shaking,0,1,1
euro zone,1,0,1
independent,2,1,3
independent audit,2,0,2
independent audit of lending,0,1,1
audit,5,1,6
lending,0,1,1
banking sector,1,0,1
definitive,6,3,9
definitive clean-up framework,0,2,2
clean-up framework,1,1,2
framework,2,5,7
clamoring,10,7,17
clamoring for,0,1,1
Spiro Sovereign Strategy,2,0,2
Sovereign,1,1,2
Sovereign Strategy,0,1,1
Strategy,0,2,2
restructuring,9,5,14
moving target,1,0,1
economic,1,0,1
economic downturn,5,1,6
downturn,3,5,8
uncertainty,2,2,4
sectors,2,0,2
sectors provisioning needs,1,0,1
provisioning,6,4,10
provisioning needs,1,3,4
problem loans and assets,1,0,1
assets,1,1,2
property bubble,3,1,4
property bubble burst,2,0,2
bubble,0,2,2
bubble burst,2,1,3
burst,0,2,2
core,1,0,1
euro zone debt,1,0,1
euro zone debt crisis,1,1,2
zone,0,1,1
debt crisis,3,0,3
crisis,1,0,1
massive,1,0,1
massive rescue,0,1,1
rescue,0,2,2
finances,1,0,1
breaking point,0,1,1
Meanwhile,0,1,1
raided,4,6,10
Sunni,1,1,2
Observatory,2,7,9
Activists,7,6,13
civilians,3,2,5
violence surged,0,3,3
violence surged at flashpoints,1,0,1
surged,6,9,15
flashpoints,10,10,20
despite,1,4,5
UN observers,1,1,2
observers,0,1,1
verified,4,1,5
verified independently,2,3,5
independently,3,0,3
journalists,2,0,2
movements,1,0,1
severely,2,1,3
severely restricted,3,2,5
restricted,4,2,6
expected,0,2,2
announce,0,3,3
clean up,0,1,1
banking system,1,0,1
set aside,0,3,3
aside,0,3,3
region,1,0,1
loans going bad,2,0,2
cabinet,5,1,6
cabinet meeting,1,5,6
expected,0,2,2
approve,1,0,1
bad property loans,3,2,5
property,0,1,1
property loans,1,0,1
separate,1,0,1
acquisition,10,10,20
announced,2,1,3
received  approvals,1,0,1
approvals,0,1,1
other jurisdictions worldwide,1,0,1
jurisdictions,10,10,20
jurisdictions worldwide,1,1,2
Libertyville,0,2,2
Illinois-based,0,2,2
Mobility,1,0,1
a  regulatory filing,1,0,1
regulatory,3,1,4
regulatory filing,5,3,8
filing,0,3,3
clearance,5,5,10
required,0,1,1
stance,6,6,12
acquire,3,5,8
closing the deal,1,0,1
California-based,0,1,1
confirmed,0,3,3
authorities,2,0,2
purchase,0,2,2
acquisition,7,3,10
wireless-equipment,5,3,8
wireless-equipment deal,1,0,1
decade,2,3,5
data,1,0,1
compiled,6,10,16
competitor,1,2,3
handset,2,3,5
handset makers,1,0,1
devices,0,1,1
Mobility,1,0,1
software,0,1,1
handsets,1,2,3
approval,0,1,1
ensure,3,2,5
Android,0,1,1
software versions are free,1,0,1
versions,1,3,4
free and open,2,0,2
Ministry of Commerce,1,0,1
Commerce,2,0,2
statement,0,1,1
unannounced,5,2,7
unannounced visit,0,1,1
strategic,3,2,5
strategic partnership,1,1,2
strategic partnership agreement,6,2,8
terms,1,0,1
terms for relations,0,1,1
relations,1,1,2
departure,4,5,9
election-year,1,0,1
winding,1,2,3
winding down,6,6,12
costly,1,1,2
increasingly,1,0,1
unpopular,2,0,2
unpopular war,0,1,1
fellow,0,1,1
backdrop,6,1,7
armoured,10,2,12
armoured military vehicles,2,0,2
military vehicles,1,0,1
travelled,1,0,1
decade,1,4,5
dark cloud of war,3,0,3
dark cloud,0,1,1
pre-dawn,5,3,8
pre-dawn darkness,2,1,3
darkness,0,1,1
horizon,3,4,7
relationship,1,0,1
strained,9,1,10
strained by recent events,1,0,1
posing,0,2,2
remains,1,1,2
Taliban insurgents,1,0,1
Taliban,1,0,1
insurgents,10,1,11
staff sergeant,1,1,2
sergeant,3,0,3
Afghan civilians,1,0,1
civilians,1,1,2
banking intervention,6,2,8
intervention,6,10,16
annual public deficit,4,2,6
public deficit,2,1,3
deficit,4,6,10
has vowed,0,1,1
vowed,2,8,10
vowed to slash,1,1,2
to slash,0,1,1
slash,1,6,7
economic,1,1,2
economic output,3,2,5
output,0,1,1
discounted,5,8,13
promise to trim,0,1,1
trim,1,4,5
trim the deficit,4,1,5
deficit,3,2,5
recession,10,9,19
unemployment,1,1,2
unemployment rate,1,0,1
first quarter,1,0,1
heavy overnight clashes,2,0,2
overnight,1,3,4
overnight clashes,0,3,3
clashes,1,0,1
activists,4,5,9
Syrian Observatory,1,0,1
Observatory,1,1,2
wounded,0,3,3
restive,6,5,11
restive Homs province,3,1,4
province,2,1,3
troop,1,1,2
troop carriers,4,2,6
carriers,1,0,1
destroyed,0,2,2
UK-based,1,0,1
neighbors,1,2,3
begging,2,4,6
begging them,0,1,1
neighbors,1,0,1
immediately,4,1,5
gunshots,1,2,3
upon arrival,0,1,1
perimeter,10,10,20
lying,0,1,1
ambulance,6,1,7
EMTs,0,2,2
pronounced,10,6,16
Pebbles,0,2,2
SWAT,1,2,3
SWAT team,3,1,4
further investigation,1,1,2
investigation,4,4,8
heard,0,1,1
shot,0,1,1
Fla,1,0,1
hadnt,0,1,1
domestic,2,2,4
domestic violence,8,4,12
violence,0,2,2
threw,0,2,2
threatened,7,8,15
according,0,1,1
police report,1,0,1
kicked,0,1,1
kicked and punched,0,1,1
punched,1,2,3
repeatedly,1,1,2
pushed back,0,1,1
scuffle,9,10,19
neighbors,1,0,1
complained,3,2,5
shouts,2,0,2
shouts and yells emanating,0,1,1
yells,0,1,1
yells emanating,1,1,2
emanating,10,10,20
distressing,8,10,18
fathom,8,9,17
approached,2,2,4
lone,2,1,3
lone male,2,1,3
gun attack,0,1,1
William Court,1,0,1
seriously,0,1,1
seriously injured,0,3,3
critical,3,4,7
critical condition,8,2,10
condition,0,1,1
Belfasts Royal Victoria Hospital,1,0,1
Belfast,0,2,2
spokesperson,5,8,13
confirmed,1,2,3
undergone,9,3,12
undergone surgery,2,2,4
surgery,1,2,3
believed,0,1,1
questioned,2,0,2
suspicion,6,9,15
suspicion of murder,3,2,5
murder,1,0,1
suspicion,4,2,6
suspicion of assisting an offender,4,0,4
assisting,0,4,4
assisting an offender,1,1,2
offender,4,9,13
released,0,2,2
without charge,3,0,3
charge,0,2,2
arrested,0,1,1
Toome,0,2,2
Parish,1,0,1
Parish priest,2,1,3
Fr Andy Dolan,1,0,1
UTV,1,0,1
shock and horror,1,3,4
horror,1,1,2
siblings,5,10,15
Successive,4,5,9
Successive waves,3,4,7
Successive waves of bank sector clean-ups,1,0,1
waves,1,1,2
bank sector,1,0,1
bank sector clean-ups,3,0,3
sector,1,0,1
clean-ups,1,4,5
convince,1,5,6
convince investors,0,1,1
investors,0,1,1
correspondent,4,5,9
toxic,0,2,2
toxic assets,6,6,12
assets,1,1,2
property bubble,9,5,14
bubble,0,2,2
recession,8,7,15
recession,5,2,7
mortgages,8,10,18
after-effects,6,4,10
Banking reform,1,1,2
reform,0,1,1
urgent,1,0,1
analysts,6,2,8
yields,5,4,9
yields on benchmark,1,1,2
yields on benchmark Spanish bonds,2,0,2
benchmark,7,4,11
benchmark Spanish bonds,1,2,3
high borrowing costs,1,1,2
borrowing,1,2,3
borrowing costs,1,2,3
discredit,10,9,19
expected,0,1,1
announce,1,1,2
financial,0,1,1
financial sector reforms,5,1,6
reforms,1,1,2
process,0,2,2
purchasing,2,2,4
drawing,1,2,3
drawing to,1,0,1
drawing to a close,3,0,3
shifting,2,3,5
shifting their attention,1,0,1
attention,1,1,2
hardware,1,2,3
fleshing,6,8,14
fleshing out,6,3,9
unlocked,3,3,6
smartphones,2,0,2
lead,0,1,1
lead devices,2,3,5
devices,1,0,1
hardware,1,1,2
hardware manufacturers,1,0,1
manufacturers,4,1,5
in-house,5,5,10
reason,0,1,1
devices alongside,1,1,2
alongside,2,5,7
hardware,1,0,1
hardware partners,1,0,1
innovation,10,10,20
communications,2,1,3
focused,1,3,4
advancing,4,1,5
connects,1,0,1
Gardai,1,0,1
investigating,9,5,14
shooting,0,1,1
recovered,4,2,6
wounded,2,3,5
pub,0,2,2
targetted,5,9,14
lone,2,3,5
lone gunman,1,0,1
gunman,0,1,1
discharged,10,6,16
victim,1,3,4
treatment,2,0,2
injuries,0,3,3
getaway,1,4,5
getaway car,3,3,6
burned,2,0,2
Inchicore,0,1,1
recovered,1,0,1
burned out car,1,0,1
preserved,4,4,8
gardai,2,3,5
technical,3,0,3
technical examination,6,3,9
examination,2,0,2
foreign secretary,2,0,2
secretary,1,0,1
ambassador,4,2,6
resolve,1,3,4
resolve diplomatically,3,2,5
diplomatically,7,5,12
stand-off,5,6,11
stand-off involving,0,1,1
warship,3,0,3
surveillance,4,5,9
surveillance vessels,5,4,9
vessels,1,1,2
disputed,4,2,6
disputed area,0,2,2
Filipino,0,1,1
Filipino sailors,0,1,1
warship,3,3,6
boarded,2,3,5
vessels,5,2,7
inspection,6,1,7
discovering,1,0,1
illegally,2,3,5
illegally collected,3,1,4
coral,2,1,3
giant clams,1,0,1
clams,1,2,3
department,1,0,1
maritime,5,1,6
maritime surveillance,5,2,7
maritime surveillance ships,4,0,4
surveillance,6,3,9
surveillance ships,0,1,1
approached,2,1,3
positioned,3,0,3
warship,0,2,2
fishing vessels,1,1,2
vessels,0,2,2
preventing,1,0,1
erring,10,9,19
Scarborough,1,0,1
Scarborough Shoal,1,0,1
Huangyan,1,0,1
asserted,9,5,14
sovereignty,10,10,20
refers,0,2,2
shoal,9,3,12
accused,0,5,5
vessels,1,1,2
intruding,5,6,11
intruding into,0,1,1
territory,2,2,4
Spratlys,2,0,2
Thousands,1,0,1
have rallied,0,1,1
rallied,3,9,12
Petersburg,1,0,1
facing off,1,5,6
thousands,1,0,1
interior,1,3,4
interior ministry,1,0,1
interior ministry troops,2,1,3
ministry,2,0,2
troops,0,2,2
Hundreds,1,0,1
protesters,2,4,6
detained,7,10,17
Gorbachev,1,0,1
Interfax,1,1,2
hold a fresh election,1,0,1
election,1,0,1
a rising tide of discontent,0,1,1
rising tide,1,1,2
rising tide of discontent,3,3,6
tide,0,3,3
tide of discontent,1,1,2
discontent,6,8,14
Vladimir,1,0,1
steep,1,2,3
steep fall,1,5,6
majority,0,2,2
preliminary,9,4,13
preliminary results,2,2,4
opposition,3,1,4
opposition parties,1,0,1
international,2,0,2
international observers,1,0,1
observers,1,3,4
marred,7,10,17
marred by vote-rigging,0,1,1
vote-rigging,8,10,18
alleged,5,4,9
alleged ballot-box,1,1,2
alleged ballot-box stuffing,1,3,4
ballot-box,0,2,2
ballot-box stuffing,5,2,7
stuffing,0,4,4
false voter rolls,4,1,5
voter rolls,0,2,2
rolls,0,2,2
major assault,1,1,2
assault,8,10,18
less than,1,0,1
highlighted,6,6,12
ability,1,0,1
strike,0,2,2
heavily,1,0,1
heavily guarded,1,2,3
guarded,1,3,4
tightened,4,4,8
anniversary,2,3,5
neighboring,5,2,7
Air Field,0,1,1
helicopter,2,0,2
agreement,2,0,2
governing,4,3,7
governing the U.S. presence,1,0,1
presence,2,0,2
combat,2,4,6
combat troops,1,3,4
withdraw,2,3,5
base,1,0,1
surrounded,4,3,7
speech broadcast,1,1,2
broadcast,8,5,13
ending his lightning visit,1,0,1
lightning,2,4,6
lightning visit,5,3,8
estimates,6,3,9
crisis,1,2,3
opposition,6,1,7
opposition groups,2,0,2
death toll,3,1,4
toll,1,3,4
Despite,1,2,3
ongoing,2,2,4
ongoing chaos,2,2,4
chaos,10,4,14
state-run,1,1,2
state-run media,1,0,1
announced,1,1,2
recent,1,1,2
parliamentary,9,2,11
parliamentary elections,1,0,1
elections,1,0,1
announced,0,1,1
candidates,2,1,3
vied,1,5,6
parliamentary,2,1,3
parliamentary seats,1,0,1
opposition,3,0,3
urged,2,5,7
boycott,10,6,16
candidates,1,0,1
amounted,4,4,8
reform,4,2,6
grant,0,1,1
grant credibility,2,0,2
credibility,10,6,16
confidence,2,1,3
financial sector,3,0,3
sector,3,0,3
increase credit flow,1,0,1
credit,1,0,1
credit flow,3,1,4
flow,0,1,1
reasonable,2,1,3
conference,2,1,3
who is MP for the area,1,0,1
deeply,0,1,1
deeply shocked,0,1,1
shocked,1,0,1
shocked and traumatised,0,1,1
traumatised,10,10,20
seriously,0,1,1
that of the wider community,1,0,1
wider,0,2,2
wider community,4,4,8
community,1,0,1
understood,1,0,1
neighbouring,3,5,8
neighbouring housing estate,4,1,5
housing,0,1,1
housing estate,1,1,2
shooting,0,1,1
Bellaghy,1,0,1
Bellaghy parish priest,1,0,1
parish,2,4,6
parish priest,0,1,1
Fr,1,0,1
Lauren dived in to save her,1,0,1
dived,1,1,2
dived in,1,4,5
in the process,1,0,1
process,3,1,4
in death couldnt be closer,1,0,1
couldnt be closer,0,1,1
official,0,1,1
official approval,2,0,2
approval,1,3,4
deal,0,1,1
a long time coming,1,0,1
long time coming,0,1,1
score,1,1,2
regulatory,7,3,10
regulatory approvals,4,4,8
European Commission,2,0,2
Commission,1,0,1
anti-monopoly,8,7,15
anti-monopoly bureau,4,2,6
anti-monopoly bureau leapt,2,0,2
anti-monopoly bureau leapt into action,0,1,1
bureau,8,1,9
bureau leapt,0,1,1
leapt,1,8,9
period,1,0,1
intense,1,5,6
intense regulatory scrutiny,2,1,3
regulatory,2,0,2
regulatory scrutiny,7,0,7
scrutiny,6,8,14
routine,1,2,3
purchasing,1,0,1
purchasing process,1,0,1
yuan,1,0,1
globally,4,3,7
is subject,1,0,1
subject,1,0,1
originally,1,1,2
originally expected,1,0,1
close the deal,2,0,2
deal,0,1,1
werent,1,1,2
final approval,0,1,1
confirmed,3,3,6
purchase,0,2,2
insurgency,10,10,20
claimed,1,0,1
spring,0,1,1
spring offensive,4,2,6
offensive,5,3,8
renewed,4,1,5
despite,0,2,2
security clamp-down,4,1,5
clamp-down,8,10,18
special forces,1,0,1
special forces troops,1,0,1
architect,9,5,14
raid,3,2,5
televised,1,0,1
televised address,1,1,2
address,1,0,1
base,1,0,1
winding,0,5,5
winding down,6,4,10
emerge,1,5,6
decade,1,2,3
conflict,1,1,2
conflict abroad,1,0,1
abroad,0,3,3
economic,1,0,1
economic crisis,3,0,3
crisis,0,1,1
renew,2,1,3
backdrop,9,10,19
backdrop of armored vehicles,1,0,1
armored,3,2,5
armored vehicles,3,3,6
lieutenant,10,3,13
defected,7,8,15
clashes,4,4,8
Regime,4,2,6
Regime forces,2,2,4
launched,0,2,2
offensive,5,4,9
sharp,0,1,1
sharp resistance,2,0,2
resistance,5,4,9
rebels,1,2,3
seeking,0,1,1
ouster,7,8,15
regime,4,2,6
Bashar al-Assad,1,0,1
Observatory,2,2,4
wounded,0,2,2
shelling,4,6,10
bombardment,10,7,17
regime,2,1,3
resumed,0,3,3
deadly clashes,1,1,2
Quraya,1,0,1
eastern province,1,0,1
province,1,1,2
Deir az-Zour,1,0,1
machinegun,3,0,3
regime,2,0,2
regime forces,1,1,2
raided,0,5,5
watchdog,8,5,13
Damascus,1,0,1
regime,4,0,4
raided,2,1,3
neighborhood,1,0,1
Qaboon,1,0,1
snipers,6,9,15
stationed,4,4,8
defeat,1,1,2
deny,1,2,3
rebuild,2,2,4
within our reach,1,0,1
difficult,2,0,2
enormous,4,5,9
enormous sacrifices,4,1,5
sacrifices,4,5,9
Issued,0,2,2
Issued twice a year to Congress,1,0,1
Congress,4,0,4
Defense,1,0,1
overall,0,1,1
overall insurgent,1,0,1
overall insurgent attacks,0,1,1
insurgent,10,8,18
insurgent attacks,4,1,5
praised,1,3,4
increased security capabilities,3,0,3
security,1,0,1
security capabilities,4,3,7
capabilities,5,0,5
corruption,10,7,17
corruption remains widespread,2,0,2
remains,0,1,1
widespread,3,7,10
violence,0,3,3
troops,1,1,2
signing,2,0,2
promise,0,1,1
promise to stay,0,1,1
vehicle,2,0,2
promise — to go,1,0,1
businesslike,3,3,6
businesslike affair,1,4,5
affair,1,1,2
palace,1,0,1
pleasantries,10,10,20
pageantry,10,10,20
opportunity,1,1,2
off-message,4,3,7
off-message demands,2,1,3
demands,0,1,1
denunciations,10,10,20
exasperated,10,10,20
acknowledged,5,5,10
stand by them,1,0,1
signing table,1,0,1
achieve,1,0,1
destroying,1,2,3
denying,1,2,3
safe haven,5,5,10
haven,2,1,3
capacity,6,1,7
wind down,0,2,2
usher,9,9,18
new era,1,0,1
era,1,0,1
strategic,8,7,15
strategic location,2,3,5
terrain,5,8,13
deserters,5,10,15
deserters from disparate units,1,0,1
disparate,9,5,14
disparate units,2,2,4
mount,0,1,1
mount raids,1,0,1
raids,2,0,2
buses,0,1,1
roadblocks,1,2,3
roadblocks manned,0,2,2
manned,2,2,4
Military Intelligence and pro-Assad militia,1,1,2
Intelligence,1,0,1
opposition,2,1,3
opposition activists,4,0,4
activists,1,0,1
wheat,0,1,1
leading,0,1,1
Secretary General Ban Ki-moon,1,0,1
narrow,0,1,1
narrow window of opportunity,2,1,3
window of opportunity,1,0,1
avert,4,10,14
avert full-scale,2,0,2
full-scale,0,1,1
civil war,1,0,1
crossroads,2,4,6
conflict,2,0,2
comprises,5,3,8
faiths,0,1,1
sects,2,4,6
ethnic,1,1,2
ethnic groups,0,1,1
tensions,2,0,2
tensions resonate,1,0,1
tensions resonate in neighboring states,1,0,1
resonate,9,10,19
neighboring,1,1,2
ally,3,0,3
robust,6,6,12
robust action,1,2,3
authorities,0,2,2
remains firmly behind,1,0,1
firmly,1,0,1
six-point peace plan,2,0,2
Bellaghy,0,1,1
be stunned,0,1,1
stunned,8,10,18
tragic,4,6,10
tragic shooting,1,0,1
ONeills,0,1,1
arrested,1,0,1
Toome,0,1,1
Serious Crime Suite,0,1,1
Serious Crime Suite at Antrim police station,1,0,1
Crime Suite,0,1,1
Suite,2,1,3
Antrim,0,2,2
Investigating,7,4,11
have appealed,0,1,1
appealed,7,7,14
information,2,1,3
incident,6,3,9
Caoimhe,0,1,1
councillor,7,5,12
Magherafelt,0,1,1
tight-knit,10,6,16
tight-knit village,0,1,1
plunged,8,10,18
plunged into shock,0,1,1
shock,1,0,1
complete shock,0,1,1
shock,1,0,1
happening everywhere,1,0,1
doorstep,1,5,6
Scullion,0,1,1
Sinn Fein councillor,1,1,2
Fein,0,1,1
councillor,6,2,8
dead girl marked,0,1,1
marked,1,0,1
National security expert,1,1,2
security,0,2,2
security expert,0,1,1
Brookings,1,0,1
Institution,2,2,4
encouraged,2,4,6
prospects,8,8,16
emphatically,10,10,20
emphatically state,1,0,1
wartime,2,3,5
wartime leadership,0,1,1
leadership,1,1,2
committed,3,4,7
committed way,1,3,4
pretty,1,1,2
reelected,5,5,10
mission,0,1,1
focused,2,3,5
draw,0,2,2
draw criticism,2,3,5
criticism,5,7,12
accused,2,5,7
spiking the football,6,3,9
spiking,1,2,3
leading,0,1,1
anniversary,3,2,5
prompted,3,9,12
military,2,0,2
deploy,9,10,19
warship,1,0,1
recently acquired,2,0,2
acquired,8,7,15
Filipino,0,1,1
warship,1,0,1
boarded,1,2,3
Chinese vessels,0,1,1
vessels,5,2,7
inspection,3,0,3
illegally,2,2,4
illegally collected coral,2,1,3
coral,2,1,3
clams,1,4,5
engaged,1,1,2
engaged in illegal fishing,1,0,1
illegal,1,1,2
harvesting,3,4,7
harvesting of endangered marine species,2,0,2
endangered,5,10,15
endangered marine species,3,0,3
marine,1,0,1
species,2,0,2
maritime,3,3,6
maritime surveillance,3,1,4
maritime surveillance ships,2,0,2
surveillance,4,4,8
surveillance ships,1,1,2
approached,1,0,1
positioned,2,1,3
warship,1,0,1
vessels,1,2,3
preventing,1,0,1
erring,8,8,16
Embassy,2,0,2
shelter,1,2,3
lagoon,6,5,11
lagoon,3,1,4
harassed,9,7,16
huge,0,2,2
huge security preparations,1,1,2
security,1,1,2
security preparations,1,2,3
preparations,6,2,8
risky,2,2,4
created concerns,0,1,1
concerns,0,4,4
citizens,1,0,1
independent,3,1,4
independent political analyst,6,0,6
political,2,0,2
political analyst,0,1,1
analyst,4,2,6
morning,1,0,1
innocent,2,5,7
RELATED,0,1,1
concern,2,1,3
Taliban,1,0,1
immediately,2,0,2
claimed,0,4,4
claimed responsibility,1,0,1
responsibility,0,1,1
conducted,5,3,8
extremely,2,3,5
extremely short notice,2,1,3
short notice,1,0,1
unsophisticated,10,10,20
unsophisticated nature,3,1,4
beyond,0,4,4
explosives,2,3,5
pre-positioned,10,3,13
vicinity,9,8,17
sprawling,10,10,20
underscore,10,10,20
close down,1,0,1
forces,1,0,1
alighting,10,10,20
alighting in Afghanistan,1,0,1
anniversary,2,2,4
raid,1,1,2
mastermind,6,7,13
unsubtle,10,10,20
unsubtle show,0,1,1
unsubtle show of the power,1,0,1
presidency,2,0,2
commander,1,0,1
commander in chief,1,0,1
finally,1,0,1
unwinnable,5,7,12
unwinnable war,1,1,2
commander in chief,2,0,2
bagged,8,10,18
recent,0,1,1
response,1,1,2
presidents,1,0,1
launch,1,4,5
spring offensive,9,5,14
spring,0,1,1
offensive,2,1,3
across the country,0,1,1
eyewitnesses,5,8,13
suicide,2,1,3
suicide car bomber,2,0,2
militants,7,2,9
disguised,3,9,12
deadly assault,1,4,5
assault,4,2,6
wounded,0,1,1
security forces,1,0,1
swarmed,8,10,18
regained,1,3,4
regained control,0,1,1
spokesman,0,1,1
desperate,6,4,10
desperate attack,0,1,1
innocent,2,2,4
civilians,1,0,1
credited,2,2,4
responding,0,1,1
failure,0,1,1
failure in intelligence,1,0,1
intelligence,4,1,5
leading,0,1,1
militants,4,1,5
staged,1,3,4
coordinated,5,4,9
coordinated assaults,4,2,6
assaults,0,1,1
paralyzed,10,10,20
diplomatic,3,0,3
diplomatic area,2,1,3
pre-dawn,7,9,16
pre-dawn darkness,3,2,5
see the light of a new day on the horizon,1,0,1
horizon,4,2,6
seeking,0,1,1
flew,0,2,2
secret,0,1,1
dead of night,6,2,8
cementing,6,6,12
NATO combat troops,1,0,1
combat,1,2,3
asleep,0,3,3
future of peace,0,1,1
agreeing,0,1,1
long-term,2,0,2
long-term partners,1,0,1
Karzais,1,0,1
Karzai,1,0,1
accused,1,5,6
selling Afghan sovereignty,1,0,1
Afghan sovereignty,1,0,1
sovereignty,10,10,20
militants,3,2,5
militants vowed,0,1,1
vowed,2,5,7
vowed to continue,0,1,1
armed struggle,4,1,5
struggle,0,2,2
contents,1,0,1
contents of this illegitimate document,1,0,1
illegitimate,8,9,17
illegitimate document,3,0,3
withdrawal,0,3,3
invading,2,5,7
invading forces,2,1,3
invading forces and their puppets,2,0,2
puppets,5,6,11
referring,0,1,1
Karzai,1,0,1
government,1,0,1
deficit,10,8,18
government,1,0,1
spending cuts,2,1,3
the necessary adjustment of bank balance sheets,1,0,1
necessary adjustment,1,2,3
adjustment,2,1,3
adjustment of bank balance sheets,1,0,1
bank balance sheets,2,0,2
balance sheets,0,1,1
willingness,2,7,9
thereby,0,1,1
restricting,6,4,10
economy to contract,1,0,1
contract,2,0,2
extending,0,1,1
recession,10,5,15
economy,1,0,1
shrink,0,6,6
Karzai,1,0,1
inked,1,3,4
inked a pact,3,1,4
pact,3,2,5
designate,10,4,14
non-NATO,3,0,3
non-NATO ally,2,1,3
ally,1,2,3
aid,0,1,1
advisers,2,0,2
NATO combat troops,0,1,1
combat,2,0,2
combat troops,0,1,1
"Obama, Karzai ink partnership deal",1,0,1
Karzai,1,0,1
ink,1,2,3
ink partnership deal,1,1,2
partnership deal,1,0,1
anniversary,0,2,2
Pentagon,2,1,3
mixed review,1,1,2
review,0,3,3
released,0,1,1
heard,0,1,1
SWAT,3,1,4
SWAT team,3,2,5
entered,0,1,1
back entrance,1,2,3
entrance,1,2,3
neighbor,0,1,1
banged,3,9,12
bleeding,0,5,5
neighbor,0,2,2
towel,0,1,1
appeared,4,2,6
worst,0,2,2
worst multiple homicide,0,1,1
multiple homicide,5,3,8
homicide,8,9,17
recall,1,1,2
claimed,2,2,4
including,0,1,1
several occasions,0,1,1
occasions,4,2,6
arrested,1,2,3
domestic,5,1,6
domestic violence,6,7,13
violence,0,2,2
oppose,4,1,5
Assad,1,0,1
accuse,2,2,4
Damascus,1,1,2
heavy-handed,7,3,10
heavy-handed meddling,2,5,7
meddling,10,8,18
Lebanese,1,0,1
legacy,4,6,10
legacy of,0,2,2
backlash,7,9,16
backlash against,0,1,1
virtual,1,3,4
virtual rule,1,3,4
influence,1,1,2
uprising,6,7,13
political reform,3,1,4
reform,2,3,5
government,1,0,1
government brutally,1,0,1
brutally,1,4,5
brutally cracked down,1,3,4
cracked,0,3,3
cracked down,0,1,1
dissent,10,10,20
opposition,4,0,4
government,1,0,1
have switched sides,0,1,1
switched,1,2,3
switched sides,1,3,4
joined forces,1,0,1
rebels,1,2,3
World powers,1,0,1
peace plan,1,0,1
envoy,6,6,12
crisis,1,0,1
bloodshed,8,5,13
observers,1,0,1
deployed,7,5,12
truce,7,6,13
government,2,0,2
armed rebels,1,0,1
In the wake,1,1,2
In the wake of,0,1,1
wake,1,2,3
wake of,0,1,1
wake of the incident,2,0,2
incident,3,2,5
Netanyahu,1,1,2
sought,5,4,9
sought to preserve,1,1,2
preserve,3,4,7
peace treaty,3,2,5
treaty,0,3,3
ensure,3,2,5
security arrangements,2,2,4
revamped,10,10,20
revamped prior,1,0,1
revamped prior to,1,0,1
resumption,10,9,19
resumption of diplomatic activity,1,0,1
diplomatic,2,2,4
diplomatic activity,4,3,7
Levanons,0,1,1
successor,7,4,11
proper security arrangements,1,0,1
security arrangements,2,0,2
arrangements,1,1,2
implemented,10,5,15
security agency,1,0,1
security guidelines,1,1,2
guidelines,0,2,2
Israeli diplomatic missions,1,0,1
diplomatic,5,0,5
diplomatic missions,2,1,3
Amitas,0,1,1
departure,1,3,4
pending,3,2,5
willingness,1,2,3
authorities,1,0,1
approve,1,0,1
upgraded,0,2,2
upgraded security measures,1,0,1
security measures,1,0,1
embassy,1,1,2
closed-circuit,2,3,5
closed-circuit cameras,2,0,2
electronic surveillance,0,2,2
electronic surveillance measures,5,0,5
surveillance,5,6,11
Foreign,1,0,1
Foreign Secretary,3,0,3
Secretary,1,0,1
Ambassador,3,2,5
reaffirmed,10,10,20
governments,1,0,1
governments positions,2,0,2
Scarborough,0,1,1
Scarborough Shoal,1,1,2
Shoal,0,2,2
facing off,1,3,4
territory,1,3,4
to stand down,1,0,1
stand down,1,4,5
despite,0,4,4
impasse,10,10,20
resolved,0,5,5
seek,0,1,1
diplomatic,4,4,8
diplomatic solution,5,1,6
issue,1,0,1
government,2,0,2
standoff,7,8,15
detain,5,3,8
surveillance,7,6,13
surveillance craft,6,2,8
craft,0,1,1
accused,1,1,2
harassing,10,9,19
territory,1,1,2
myriad,8,7,15
myriad of,0,1,1
myriad of competing territorial claims,2,0,2
competing,1,2,3
competing territorial claims,2,0,2
territorial,2,1,3
territorial claims,2,0,2
notably,1,0,1
Spratly,0,2,2
shoal,5,2,7
island,0,1,1
claimed,0,1,1
slightest,4,7,11
slightest doubt,0,2,2
values,1,0,1
values of accounts,1,1,2
economic,2,0,2
economic recovery,4,1,5
recovery,0,2,2
complicated,5,4,9
collapse,5,5,10
collapse of the housing market,1,0,1
housing market,2,2,4
declined,0,3,3
declined steeply,2,1,3
steeply,5,7,12
individuals,0,1,1
mortgage,7,10,17
mortgage payments,4,3,7
mortgages,7,3,10
separate,1,0,1
announced,1,1,2
liberalize,10,8,18
liberalize regulations,6,1,7
property rentals,2,0,2
rentals,1,1,2
attempt,0,2,2
portfolios,10,10,20
portfolios of property debt,2,0,2
property debt,2,0,2
debt,2,0,2
European Commission,1,0,1
Commission,1,1,2
state deficit,3,2,5
deficit,6,6,12
government,1,0,1
unveiled,10,10,20
reform,3,2,5
reform package,2,0,2
troubled,0,2,2
troubled banks,0,1,1
desperate,4,3,7
desperate bid,3,0,3
bid,0,1,1
convince,1,1,2
convince investors,1,0,1
investors,2,1,3
sector,1,0,1
sector is solvent,1,0,1
solvent,9,9,18
strategy,1,4,5
bailout,8,9,17
bailout fate,3,2,5
fate,0,1,1
announced,1,0,1
set aside,1,1,2
aside,0,1,1
financial cushion,9,5,14
cushion,2,2,4
bad loans,1,2,3
separate property assets,1,0,1
property assets,4,0,4
assets,0,1,1
balance sheets,4,0,4
conservative,7,3,10
aside,0,1,1
rainy-day,2,2,4
rainy-day funds,4,3,7
property market,2,0,2
elsewhere,0,2,2
thousands,2,0,2
rallied,7,7,14
faced off,1,2,3
Interior Ministry,2,1,3
Interior Ministry troops,1,0,1
detained,9,10,19
arrested,1,0,1
hundreds,1,0,1
protesters,3,3,6
including journalists,0,1,1
journalists,5,0,5
admit,0,2,2
numerous,1,2,3
numerous falsifications,5,0,5
numerous falsifications and rigging,0,1,1
falsifications,10,10,20
rigging,10,10,20
reflect,0,2,2
according,0,1,1
AFP,1,0,1
decision,1,0,1
annul,7,4,11
election,1,0,1
security forces,3,0,3
helicopters,1,0,1
roamed,6,3,9
show of force,1,0,1
force,1,0,1
party struggle,1,0,1
struggle,0,2,2
majority,3,0,3
bracing itself,2,0,2
explanation,3,1,4
banking analyst,5,1,6
analyst,4,5,9
lenders,0,3,3
aside,1,0,1
euros,1,0,1
provisions,9,9,18
provisions against loans,1,0,1
performing,1,2,3
defaults,9,6,15
rise,0,1,1
recession,10,8,18
unemployment,1,0,1
raise,0,1,1
convertible,9,5,14
convertible into shares,1,0,1
shares,0,1,1
interest rate,2,2,4
government,1,0,1
government bonds,1,0,1
bonds,2,1,3
raise money,0,1,1
debt,0,1,1
debt markets,4,2,6
instrument,5,1,6
contingent,4,4,8
contingent convertibles,9,4,13
"contingent convertibles, or CoCos",1,0,1
convertibles,3,0,3
CoCos,2,0,2
ownership,0,1,1
still-troubled,1,1,2
still-troubled banks,2,1,3
has been shaken,0,1,1
shaken,4,3,7
terrible,1,2,3
overwhelming,9,10,19
sense of shock,1,0,1
shock,1,0,1
amongst,2,0,2
broad,1,1,2
broad daylight,1,2,3
Libyan intelligence officer,1,0,1
intelligence,2,3,5
intelligence officer,1,1,2
convicted,3,6,9
Lockerbie,0,2,2
released,0,2,2
compassionate,7,8,15
compassionate grounds,6,4,10
diagnosed,6,5,11
prostate,4,3,7
prostate cancer,2,1,3
insisted,2,2,4
innocent,0,2,2
strict silence,1,1,2
villa,1,0,1
surrounded,2,2,4
posh,3,4,7
neighborhood,2,0,2
bedridden,9,10,19
cane,0,1,1
hung,0,1,1
hung up,0,1,1
ruling,0,1,1
Transitional,0,1,1
seriously deteriorated,2,0,2
deteriorated,10,10,20
cancer-related complications,2,0,2
complications,6,1,7
insisted,0,1,1
government,2,1,3
tried to detain,0,1,1
detain,8,6,14
surveillance,9,6,15
surveillance craft,5,5,10
craft,0,1,1
shoal,8,5,13
north-western,0,1,1
province,4,1,5
Zambales,1,0,1
disputing,4,5,9
disputing ownership,1,1,2
ownership,1,1,2
ownership of the shoal,1,0,1
shoal,6,3,9
Spratly,0,2,2
Spratly Islands,1,0,1
Foreign Affairs,1,1,2
surveillance,7,1,8
surveillance plane,1,1,2
sighted,0,3,3
fishing vessels,0,1,1
vessels,2,4,6
vessels anchored,1,1,2
anchored,4,3,7
lagoon,7,3,10
prompting,3,4,7
military,1,0,1
deploy,4,4,8
warship,0,1,1
acquired,3,6,9
Filipino sailors,1,0,1
warship,1,0,1
boarded,0,1,1
vessels,2,2,4
inspection,2,0,2
large amounts of illegally collected coral,2,0,2
illegally,0,3,3
illegally collected,2,1,3
coral,0,2,2
clams,1,2,3
Separately,1,1,2
take over,0,1,1
real estate holder,4,1,5
estate,1,0,1
holder,0,1,1
boost,2,4,6
boost financial confidence,1,1,2
financial,0,1,1
financial confidence,3,2,5
confidence,0,3,3
bond,0,1,1
bond yield,5,2,7
yield,2,7,9
announcement,2,4,6
holdings,1,2,3
holdings of repossessed property,1,1,2
repossessed,6,10,16
repossessed property,4,2,6
asset,2,0,2
asset management,1,2,3
asset management firms,3,2,5
management,1,0,1
a fire sale,1,0,1
fire sale,2,4,6
conference,1,2,3
government,1,0,1
toxic,2,4,6
toxic property,1,2,3
toxic property assets,6,4,10
assets,1,2,3
compulsory,10,7,17
receiving,0,1,1
euros,1,0,1
separate,1,1,2
bank rescues,0,1,1
rescues,1,2,3
enacted,5,7,12
estimated,1,1,2
anniversary,3,3,6
war winds,0,1,1
war winds down,1,0,1
winds,1,0,1
winds down,4,5,9
grateful,4,3,7
sacrifice,7,7,14
debate,1,3,4
debate raged,1,0,1
raged,9,8,17
commander,1,0,1
commander in chief,0,1,1
landed,1,1,2
unannounced,6,7,13
unannounced visit,1,0,1
war zone,1,1,2
security agreement,1,1,2
agreement,1,1,2
outlines,4,7,11
partnership,3,0,3
combat,2,1,3
combat forces,1,3,4
mission,0,2,2
trip muted,0,1,1
muted,10,9,19
partisan,7,7,14
partisan exchanges,4,0,4
exchanges,2,2,4
campaign,5,6,11
crossed a line,2,0,2
Green Village,1,0,1
assault,5,7,12
suicide,3,1,4
suicide attackers,2,2,4
burqas,8,2,10
struck,0,3,3
detonating,10,7,17
clashing,4,7,11
clashing with guards,1,0,1
interior,2,2,4
interior ministry,5,1,6
ministry,4,0,4
including,0,1,1
ministry,2,0,2
suicide,2,0,2
suicide car bomb,1,0,1
complex,6,2,8
blew,0,4,4
blew himself,0,1,1
security forces,1,0,1
Mangled,10,10,20
Mangled bodies,1,2,3
vehicles,1,0,1
destroyed,1,1,2
blew,0,2,2
blew out,0,2,2
Health ministry,1,0,1
ministry,1,0,1
spokesman,3,4,7
Kargar Noorughli,0,1,1
wounded,0,3,3
admitted,2,1,3
admitted to hospital,1,0,1
spokesman,4,0,4
AFP,1,0,1
militants,5,2,7
continue,1,0,1
foreign,1,0,1
foreign forces,2,0,2
Nearly,1,0,1
NATO soldiers,1,1,2
Taliban,1,0,1
rulers,0,2,2
ousted,7,10,17
overthrown,5,10,15
U.S.-backed,1,0,1
harboring,10,10,20
militants,4,2,6
credit,1,0,1
Green Village,0,1,1
compounds,4,5,9
Westerners,1,0,1
message,0,1,1
instead,0,1,1
strategic,4,5,9
strategic partnership,1,6,7
strategic partnership deal,4,0,4
partnership,1,0,1
rebuild,0,2,2
spokesman,2,1,3
Reuters,0,2,2
undisclosed,6,6,12
undisclosed location,2,4,6
ambassador,2,0,2
involvement,3,5,8
network,1,1,2
Waziristan,0,1,1
blames,1,2,3
high-profile,3,4,7
high-profile attacks,3,4,7
ruled,0,2,2
ruled out,0,1,1
LCC,1,0,1
dire,9,4,13
dire reports,2,4,6
military,1,0,1
military aiming mortars,0,2,2
aiming,0,2,2
aiming mortars,2,0,2
mortars,10,4,14
heavy artillery,2,2,4
artillery,10,2,12
Violence,0,2,2
conflict,1,2,3
confined,5,6,11
neighboring,2,0,2
wounded,0,2,2
ongoing,0,1,1
ongoing violence,2,1,3
violence,0,1,1
pits,5,4,9
pits residents,0,1,1
Sunni,0,1,1
stronghold,4,7,11
stronghold hostile,2,2,4
hostile,5,5,10
Syrian regime,1,0,1
regime,2,2,4
Alawite,0,1,1
Clashes,1,1,2
ignited,10,10,20
Islamist activist,2,1,3
government,1,0,1
accuses,2,4,6
operative,9,1,10
Al-Qaeda-inspired,0,1,1
deny,1,1,2
deny the accusation,1,0,1
accusation,9,6,15
rebels,2,1,3
Syrian refugees,1,0,1
refugees,2,4,6
shelter,1,0,1
Winning hearts,1,0,1
militants,6,2,8
militants detonated,1,1,2
detonated,6,10,16
heavily fortified compound,1,0,1
fortified,10,10,20
compound,0,3,3
compound home,2,0,2
foreigners,0,1,1
security forces,1,0,1
Taliban,1,0,1
militants,5,2,7
exchanged,1,4,5
exchanged gunfire,0,1,1
gunfire,0,1,1
situation,1,1,2
incident,2,4,6
explosion,2,4,6
shortly,0,1,1
invoking,5,6,11
a new dawn,0,1,1
new dawn,0,2,2
dawn,1,1,2
strategic,4,4,8
strategic partnership,0,2,2
strategic partnership agreement,3,0,3
partnership agreement,0,1,1
agreement,0,1,1
underscores,10,10,20
difficulties,1,1,2
security forces,1,0,1
increasingly,3,1,4
potential,3,5,8
potential fallout,3,4,7
fallout,3,3,6
insurgency,10,9,19
high-profile,1,1,2
high-profile visits,1,1,2
observatory,9,10,19
listed building,0,1,1
spokeswoman,5,5,10
Crime scene,0,1,1
Crime scene investigators,2,2,4
investigators,2,2,4
in attendance,1,0,1
attendance,3,1,4
appealing,5,5,10
anyone acting suspiciously,1,0,1
acting suspiciously,1,1,2
suspiciously,10,6,16
suspicion,6,5,11
suspicion of murder,0,2,2
interviewed,2,0,2
detectives,1,4,5
Google,0,1,1
authorities,2,1,3
approved,1,0,1
acquisition,10,9,19
brings,0,1,1
Internet search giant,0,2,2
search giant,1,1,2
announced,2,0,2
all necessary regulatory approvals,1,0,1
necessary regulatory,1,0,1
necessary regulatory approvals,2,1,3
regulatory,6,0,6
regulatory approvals,2,4,6
approvals,1,0,1
describe,0,1,1
the nature,1,0,1
nature,3,0,3
GOOG,1,0,1
approval,0,2,2
regulators,7,4,11
Holdings,1,0,1
final hurdle,2,2,4
hurdle,4,10,14
boosts,3,5,8
patents,2,2,4
patents portfolio,6,2,8
portfolio,2,7,9
competition,2,2,4
jurisdictions,9,10,19
"jurisdictions,”",1,0,1
statement,2,0,2
confirming,1,1,2
transaction,5,1,6
approved,0,1,1
imminently,10,10,20
co-founder,0,1,1
chief executive officer,1,0,1
executive,1,0,1
compete,1,1,2
clout,8,8,16
Android software,1,0,1
software,0,1,1
expands,0,1,1
hardware,0,3,3
smartphone,1,0,1
smartphone  software,0,1,1
trove,5,5,10
patents,3,1,4
devices,0,2,2
legal disputes,3,2,5
disputes,4,4,8
competitors,5,1,6
daily death toll,1,0,1
death toll,1,4,5
toll,3,1,4
declined,1,3,4
observers,5,2,7
has risen,0,1,1
risen,1,1,2
succeed,0,1,1
succeed in its entirety,1,0,1
entirety,5,7,12
Observatory,3,3,6
civilians,1,2,3
nationwide,2,2,4
rebels,2,1,3
regime,6,3,9
regime soldiers,1,1,2
Activists,0,4,4
government,2,0,2
rebellious,10,9,19
Damascus,0,1,1
suburbs,2,4,6
shells,3,6,9
Douma,0,1,1
government,2,0,2
raiding,2,6,8
activists,2,1,3
Observatory,1,0,1
suburbs,4,4,8
east,0,1,1
rebel,2,2,4
rebel commander,1,0,1
commander,3,0,3
Activist,1,0,1
independently,3,0,3
independently verified,4,4,8
verified,2,1,3
government,1,0,1
bars,4,4,8
media,1,0,1
Suicide bombers,3,3,6
compound,4,2,6
compound housing,1,2,3
security pact,5,2,7
pact,0,3,3
vulnerable,9,8,17
vulnerable to a resilient insurgency,0,1,1
resilient,6,4,10
resilient insurgency,7,7,14
insurgency,6,3,9
claimed,1,0,1
responsibility,2,0,2
insurgents,9,4,13
insurgents disguised,1,0,1
disguised,4,7,11
eastern outskirts,0,2,2
outskirts,7,7,14
Gurkha,1,0,1
Gurkha guard,0,1,1
passers-by,0,1,1
wounding,0,2,2
Taliban,0,1,1
response,0,1,1
strategic,2,4,6
strategic partnership,3,4,7
strategic partnership deal,2,1,3
partnership,1,0,1
deal,0,1,1
pact,1,1,2
foreign,1,0,1
combat troops,0,3,3
insurgency,7,2,9
spring offensive,4,5,9
offensive,3,1,4
renewed,3,2,5
despite,2,1,3
security clamp-down,4,1,5
clamp-down,4,8,12
clamp-down in the capital,0,1,1
hitting,1,1,2
Rastan,1,0,1
destroyed,1,2,3
rebel,0,3,3
rebel Free,1,0,1
Rastan,1,0,1
declined,5,4,9
declined to be named,0,1,1
Reuters,2,0,2
satellite,5,1,6
satellite phone,3,0,3
FSA,1,0,1
FSA commander whose fighters,1,0,1
commander,1,0,1
battling,2,3,5
elite,6,5,11
elite units,4,1,5
Military Intelligence,0,1,1
Intelligence,2,2,4
British-based Observatory said fighting,1,0,1
Observatory,0,5,5
dawn,2,2,4
rebels,2,2,4
destroyed,1,0,1
armored,5,5,10
armored personnel,1,0,1
armored personnel carriers,5,1,6
personnel,1,2,3
personnel carriers,0,1,1
seized,6,9,15
capturing,1,1,2
uprising,7,6,13
peaceful protest movement,1,1,2
increasingly militarized,1,0,1
increasingly militarized as rebels,1,0,1
militarized,10,4,14
rebels,0,1,1
violent crackdown,0,1,1
crackdown,8,10,18
sought,4,6,10
sought to portray,0,1,1
portray,6,10,16
withdrawal,3,8,11
unalloyed,9,10,19
unalloyed achievement,5,3,8
achievement,1,0,1
far from certain,1,0,1
reduced,1,3,4
considered,1,2,3
critical,2,3,5
raid,0,1,1
laden,6,3,9
laden with symbolism,1,1,2
symbolism,10,9,19
historic,1,1,2
political,2,0,2
terrorist,0,1,1
incubated,10,10,20
suggested,2,3,5
had come full circle,1,1,2
come full circle,1,1,2
full circle,1,2,3
launched,5,1,6
launched the operation,1,0,1
operation,3,2,5
operation that killed,0,1,1
prevailing,10,10,20
Afghan,1,0,1
bringing perfection,1,0,1
Afghanistan,1,0,1
left to Afghans,0,1,1
Afghans,1,0,1
Crocker,1,0,1
withdrawal,3,4,7
Western backers,1,2,3
backers,3,2,5
in the wake of,0,1,1
wake,1,0,1
Soviet withdrawal,1,0,1
withdrawal,0,2,2
withdrawal unleashed,0,2,2
unleashed,7,10,17
a vicious civil war,0,1,1
vicious,6,8,14
vicious civil war,2,0,2
out of which,1,0,1
Taliban,1,0,1
al Qaeda,1,0,1
support bases,0,1,1
arose,4,3,7
heavily fortified,1,1,2
heavily fortified guesthouse,1,0,1
fortified,10,9,19
fortified guesthouse,1,0,1
guesthouse,0,1,1
announcing,2,2,4
annual,1,0,1
annual in defiance,1,0,1
in defiance,1,1,2
in defiance of calls,1,0,1
defiance,10,9,19
Barack Obama,1,0,1
burqas,5,2,7
burqas detonated,3,0,3
detonated,6,6,12
suicide,0,1,1
suicide car bomb,1,0,1
clashed,2,4,6
complex,2,0,2
guesthouses,2,1,3
aid groups,1,0,1
officials,2,0,2
dismissed,5,1,6
dismissed allegations,3,1,4
allegations,10,10,20
allegations of corruption,3,0,3
corruption,8,5,13
United Russia party,1,0,1
warship,1,0,1
standoff,5,10,15
surveillance,10,7,17
surveillance ships,2,1,3
disputed,6,3,9
disputed waters,0,4,4
Spratly Islands,1,0,1
situation,0,1,1
developed,0,1,1
surveillance,5,2,7
surveillance ships,0,1,1
patrol,1,1,2
patrol boat,0,1,1
face-off,5,6,11
playing out,1,0,1
Shoal,1,0,1
seeking,0,1,1
diplomatic,5,5,10
diplomatic solution,3,3,6
Ambassador,1,0,1
received,0,1,1
taken refuge,2,0,2
refuge,7,5,12
lagoon,5,4,9
escape,0,2,2
foul,0,2,2
foul weather,2,3,5
gunboat,1,1,2
harass,6,9,15
Olli Rehn,1,0,1
EUs monetary affairs chief,1,0,1
monetary,5,3,8
monetary affairs,3,4,7
monetary affairs chief,2,0,2
Commission,0,1,1
confidence,3,3,6
determination,7,4,11
fiscal,5,7,12
fiscal targets,7,3,10
targets,1,0,1
restoring,4,2,6
restoring confidence,0,1,1
restoring confidence and growth,1,0,1
growth,0,1,1
tackle,2,7,9
fiscal,7,2,9
fiscal and financial challenges,1,1,2
financial,1,0,1
challenges,0,1,1
determination,1,1,2
announced,0,1,1
financial reforms,6,1,7
reforms,2,3,5
particularly,1,1,2
aimed,0,1,1
saddled,10,10,20
saddled with bad loans,1,0,1
bad loans,0,1,1
approved,1,0,1
measures,2,1,3
set aside,0,1,1
aside,0,1,1
financial cushion,8,2,10
cushion,1,3,4
bad loans,1,0,1
separate,1,0,1
property assets,2,1,3
assets,5,2,7
balance sheets,7,2,9
recession,10,10,20
unable,0,1,1
mortgages,10,10,20
after-effects,9,4,13
resident,1,2,3
fault,0,1,1
bought,0,1,1
mortgages,5,2,7
afford,2,5,7
politicians,3,0,3
bad lending decisions,2,1,3
lending,1,5,6
lending decisions,0,1,1
decisions,0,1,1
economy,3,1,4
Shrinking,2,3,5
Shrinking eurozone,0,1,1
eurozone,8,1,9
developments,2,2,4
amid,5,5,10
new figures,1,0,1
confirming,1,2,3
eurozone,5,0,5
eurozone will shrink,1,0,1
shrink,1,2,3
workforce,6,2,8
prediction,8,4,12
stay in recession,1,0,1
recession,9,3,12
allegations,10,10,20
allegations of election fraud,1,0,1
election fraud,2,2,4
fraud,1,1,2
fired,0,1,1
fired up,0,1,1
opposition,4,1,5
protests crushed,0,1,1
crushed,0,2,2
pleas,3,6,9
ignored,0,2,2
Kremlin-dominated,6,0,6
Kremlin-dominated media,5,0,5
announcing,2,0,2
opposition,4,0,4
opposition rally,6,0,6
rally,0,2,2
political demonstrations,5,2,7
demonstrations,7,4,11
Associated,0,1,1
Associated Press,0,1,1
political rally,2,0,2
rally,0,2,2
protest,0,1,1
rallies,2,2,4
clashes,3,2,5
detained,10,10,20
scary,1,7,8
Anti-Putin,0,1,1
Anti-Putin demonstrators,1,0,1
demonstrators,8,2,10
preliminary,9,5,14
preliminary results,3,0,3
security forces,2,0,2
patrolling,8,6,14
helicopters,2,0,2
roam,1,1,2
amid,4,4,8
amid protests,1,1,2
scandal-hit,5,3,8
scandal-hit elections,2,2,4
struggle,0,3,3
majority,1,1,2
Assembly,2,0,2
Assembly Deputy,1,0,1
Assembly Deputy First Minister,2,1,3
Minister,1,0,1
visited,0,1,1
deep shock,1,1,2
shock,1,0,1
appealed,10,7,17
media,2,1,3
respect,0,1,1
respect their privacy,1,0,1
privacy,1,1,2
shocked,1,1,2
shocked and traumatised,2,0,2
traumatised,10,10,20
offered our support,0,1,1
wider community,3,1,4
to appeal,0,1,1
appeal,3,2,5
appeal to the media,0,1,1
media,1,0,1
privacy,1,2,3
seek,1,1,2
terms,0,1,1
tragedy,6,8,14
outgoing,2,1,3
outgoing ambassadoe,2,1,3
ambassadoe,10,3,13
diplomats,8,8,16
embassy,6,2,8
protesters,2,7,9
midst,7,6,13
midst of a re-election campaign,1,0,1
re-election campaign,1,1,2
campaign,5,2,7
touted,6,10,16
touted the Navy SEAL raid,1,0,1
noting,1,0,1
operation,3,0,3
launched,2,3,5
the tide has turned,5,2,7
tide,0,1,1
tide has turned,1,2,3
Talibans,1,0,1
devastated,10,10,20
al-Qaidas,1,0,1
violence,0,2,2
erupted,9,9,18
departure,2,1,3
stark,4,5,9
stark reminder,3,6,9
difficult,1,0,1
difficult task,0,1,1
Afghan troops,1,0,1
secure,1,0,1
foreign,1,0,1
troops,0,1,1
combat,3,1,4
combat mission,3,5,8
combat mission following,1,0,1
decade,3,6,9
commit,3,3,6
specific,1,1,2
specific troop or funding levels,1,0,1
funding,0,2,2
funding levels,2,2,4
levels,1,0,1
Afghanistan,1,0,1
meant,0,1,1
meant to signal,1,0,1
signal,0,1,1
U.S. foes,1,0,1
foes,3,6,9
despite,1,5,6
intends,5,3,8
ensure,2,4,6
Afghanistan,1,0,1
revert,5,6,11
revert to a haven,1,1,2
haven,6,7,13
terror,1,0,1
al-Qaeda,2,0,2
cost the lives,1,0,1
allied,1,4,5
allied troops,1,3,4
maimed,10,10,20
maimed tens of thousands,0,1,1
maimed tens of thousands more,0,1,1
Afghans,1,0,1
Afghanistan’s,1,0,1
deeply,0,1,1
deeply uncertain,0,1,1
uncertain,3,3,6
Barack,1,0,1
audience,2,2,4
Bagram Air,1,0,1
to herald,0,1,1
herald,9,9,18
herald a new era,3,0,3
a new era,1,1,2
new era,0,1,1
era,2,1,3
relationship,2,0,2
authorities,7,3,10
identified,1,4,5
identified,4,2,6
Pebbles,0,1,1
Lieutenant,8,1,9
news conference,2,1,3
conference,3,2,5
authorities,2,0,2
neighbor,0,1,1
reported,0,1,1
heard,0,1,1
knock,0,2,2
knock on her door,1,0,1
authorities,9,1,10
identified,2,0,2
door step,0,2,2
appear,0,4,4
Lieutenant,3,0,3
Lieutenant Goodyear,0,1,1
describe,0,4,4
injuries,2,2,4
Moments,1,1,2
neighbor,0,1,1
emerged,9,10,19
Goodyear,1,0,1
previously,1,1,2
previously responded,1,0,1
responded,0,3,3
Space Coast,1,0,1
Cape Canaveral,1,1,2
domestic,2,2,4
domestic disturbance,7,3,10
domestic disturbance calls,2,0,2
disturbance,4,6,10
involving,0,1,1
Jaxs Johnson,1,0,1
authorities,5,2,7
motive,7,7,14
foreign,1,1,2
foreign secretary,3,1,4
Chinese ambassador,1,0,1
ambassador,3,3,6
resolve,0,4,4
resolve diplomatically,1,2,3
diplomatically,6,6,12
stand-off,5,10,15
involving,0,1,1
Philippine warship,1,0,1
warship,1,0,1
Chinese surveillance vessels,1,0,1
surveillance,3,8,11
surveillance vessels,5,3,8
vessels,2,1,3
disputed,5,2,7
disputed area,0,3,3
ambassador,3,0,3
Keqing,0,1,1
reaffirmed,9,9,18
Shoal,0,2,2
facing off,0,3,3
territory,1,3,4
despite,0,2,2
impasse,10,10,20
seek,0,1,1
diplomatic,4,0,4
diplomatic solution,5,0,5
issue,0,1,1
Our stand,0,1,1
stand,0,2,2
acquire,9,7,16
look forward to,0,1,1
closing the deal,2,0,2
deal,0,1,1
spokesperson,4,6,10
AFP,1,0,1
acquire,3,2,5
patents,9,0,9
purchase,1,0,1
strengthening,6,4,10
patent,1,0,1
patent portfolio,9,5,14
portfolio,2,3,5
fight for dominance,0,1,1
dominance,10,4,14
booming,3,5,8
smartphone,1,0,1
increasingly,1,0,1
lawsuits,0,3,3
infringement,10,10,20
infringement of patented technology,1,0,1
patented,4,1,5
patented technology,5,0,5
technology,1,0,1
involved,0,1,1
lengthy and costly,0,1,1
patent,4,1,5
patent fights,2,2,4
waged,3,7,10
continents,2,0,2
announcing,1,0,1
acquisition,10,8,18
chief executive,0,1,1
executive,1,0,1
enable,1,1,2
anti-competitive,7,2,9
anti-competitive threats,4,3,7
Fla,1,0,1
reported,1,0,1
come outside briefly,1,0,1
briefly,3,4,7
retreating,8,10,18
retreating into the house,1,0,1
followed,0,1,1
SWAT,1,2,3
SWAT teams,3,3,6
dispatched,9,10,19
Jazlin,0,1,1
Sheriff,1,0,1
Sheriffs,0,1,1
deputies,2,3,5
appeared,1,0,1
self-inflicted,10,10,20
gunshot,1,0,1
apparently,5,4,9
text message,1,1,2
neighbor,1,0,1
cremated,10,10,20
neighbor,0,2,2
asleep,0,1,1
Fla,1,0,1
reported,0,1,1
domestic,1,0,1
domestic disturbance,10,5,15
disturbance,1,2,3
extra capital,0,1,1
capital,6,0,6
raised,0,2,2
government,1,0,1
government loans,1,0,1
charged,1,2,3
government,1,0,1
obliged,10,10,20
euros,0,1,1
to shield against,1,0,1
shield,5,8,13
shield against,1,0,1
bad loans,0,1,1
decision,0,1,1
restore,3,3,6
restore confidence,1,1,2
confidence,2,1,3
credibility,10,10,20
financial,1,1,2
government nationalized,1,0,1
nationalized,8,3,11
ratings agency,2,1,3
Standard and Poor,1,0,1
Standard and Poors,1,0,1
downgraded,7,10,17
majority,0,1,1
decided,0,1,1
appoint,1,1,2
independent auditors,4,1,5
auditors,8,4,12
valuing,2,5,7
real-estate,0,2,2
real-estate portfolios,7,1,8
portfolios,6,9,15
president,1,0,1
flew,0,2,2
long-awaited,3,7,10
long-awaited security compact,0,1,1
security compact,4,3,7
compact,4,4,8
the signing,0,1,1
signing,1,0,1
addressed,2,2,4
specially,1,0,1
specially arranged,2,1,3
arranged,2,4,6
network television,1,0,1
television,1,0,1
fellow,0,1,1
Bagram,0,1,1
decade,2,7,9
dark cloud,1,1,2
dark cloud of war,3,1,4
predawn,7,10,17
predawn darkness,3,2,5
horizon,5,7,12
backdrop,6,9,15
armored,4,7,11
armored troop carriers,4,0,4
troop carriers,1,0,1
message,1,0,1
praise,0,1,1
fought,0,1,1
odd,0,1,1
odd fit,3,4,7
fit,1,0,1
direct appeal,0,1,1
appeal,3,2,5
American optimism,0,1,1
optimism,8,10,18
self-interest,5,6,11
Fighting flared,1,1,2
flared,8,10,18
Tripoli,1,0,1
wounded,1,1,2
security,1,0,1
AFP,1,0,1
eurozones,5,0,5
economy,1,1,2
deficit,9,7,16
commission,4,1,5
despite,0,2,2
forecast,4,7,11
slight,0,1,1
EU forecasts,0,1,1
forecasts,0,1,1
eurozone,0,1,1
powerhouse,5,2,7
recovery,0,1,1
recession,9,10,19
commissioner,2,1,3
Olli Rehn,1,0,1
confident,1,2,3
tackle,0,7,7
immediate,0,1,1
immediate fiscal,1,0,1
immediate fiscal and financial challenges,1,0,1
fiscal,8,8,16
fiscal and financial challenges,0,1,1
financial,1,1,2
challenges,0,1,1
full determination,2,0,2
determination,5,3,8
particular,0,1,1
reign,2,5,7
reign in,2,2,4
termed,0,1,1
excessive,4,1,5
excessive spending,2,1,3
Taliban,1,0,1
struck,0,1,1
struck back,0,1,1
targeting,2,1,3
foreigners,1,0,1
housing compound,0,1,1
compound,1,0,1
suicide car bomb,1,0,1
militants,3,2,5
militants disguised as women,1,0,1
disguised,4,8,12
assault,2,4,6
protesters,4,6,10
broke,0,1,1
Israeli Embassy,2,0,2
Embassy,5,0,5
dumping,2,9,11
dumping hundreds of documents,1,0,1
documents,3,0,3
demonstrations,10,3,13
Protesters,2,0,2
sledge,1,4,5
sledge hammers,6,6,12
bare,1,3,4
bare hands,1,0,1
tear,0,2,2
tear apart,0,1,1
embassys,1,0,1
security wall,2,1,3
guarding,0,1,1
shattered,8,5,13
shattered entrance,3,2,5
Embassy,2,0,2
civilians,1,2,3
military soldiers,1,0,1
embassy,1,0,1
confronted,9,7,16
mob,2,5,7
ambassador,5,0,5
ambassador Yitzhak Levanon,1,0,1
replaced,0,1,1
ambassador,5,0,5
farewell,4,5,9
farewell meetings,6,3,9
other foreign representative,1,0,1
foreign representative,4,0,4
representative,4,2,6
effort,0,2,2
isolate,7,5,12
internationally,2,1,3
foreign,1,0,1
ministers,1,0,1
fresh sanctions,2,1,3
sanctions,8,5,13
repression,6,10,16
repression of dissidents,1,0,1
dissidents,10,10,20
statement,0,1,1
issued,0,1,1
adopted,2,1,3
sanctions,7,0,7
regime,5,3,8
EU diplomat,1,0,1
diplomat,2,2,4
confirmed,0,3,3
ministers,1,0,1
impose,3,2,5
assets,1,0,1
assets freeze,8,4,12
freeze,0,1,1
visa,0,1,1
visa ban,3,1,4
funding,1,1,2
regime,5,0,5
Syria-linked,1,1,2
Syria-linked violence,1,0,1
violence,0,2,2
spilled,3,5,8
border,1,0,1
clashes,3,2,5
Gunbattles,1,1,2
erupted,5,9,14
loyal,0,2,2
supportive,3,3,6
opposition,2,0,2
ministers,1,0,1
assets,2,3,5
assets freeze,7,2,9
assets freeze and visa ban,0,1,1
freeze,3,2,5
visa,0,1,1
visa ban,4,0,4
ban,0,2,2
believed,0,1,1
believed to provide,1,0,1
funding,1,1,2
regime,9,3,12
violence,0,2,2
appalling,10,10,20
regime,3,0,3
regime forces,1,2,3
heavy casualties,2,1,3
casualties,4,7,11
clashes,0,3,3
pummeled,10,10,20
opposition activists,2,0,2
activists,1,0,1
Observatory,1,1,2
received,1,1,2
preliminary,10,2,12
preliminary information,3,0,3
armored,4,5,9
armored personnel,0,1,1
armored personnel carriers,4,0,4
personnel,3,0,3
carriers,0,1,1
destroyed,0,1,1
Medical supplies,0,1,1
running low,1,0,1
reportedly,1,0,1
barrage,8,10,18
roughly,0,1,1
mortar,2,2,4
mortar shells,3,2,5
shells,0,2,2
struck,1,1,2
random,2,2,4
random gunfire,0,1,1
regimes,1,0,1
regimes army,3,1,4
Local Coordination Committees,1,0,1
Coordination,1,1,2
opposition,3,0,3
opposition network,2,0,2
focus,0,3,3
high profile,4,3,7
high profile assaults,1,2,3
profile,0,1,1
assaults,6,6,12
coordinated,8,4,12
coordinated attacks,4,1,5
capital,1,0,1
drawn some flak,1,0,1
flak,10,10,20
overnight,0,2,2
observers,3,1,4
faith,1,1,2
security situation,2,0,2
situation,1,1,2
of little concern,1,0,1
little concern,2,1,3
concern,0,3,3
agreement,1,0,1
salient,10,7,17
salient point,2,4,6
assurance,7,7,14
not abandon,1,0,1
abandon,0,9,9
international,1,0,1
international community,3,1,4
Soviet,0,1,1
Soviet war,1,0,1
choose such a time,1,0,1
Regional,1,0,1
independent,3,2,5
independent monitor,7,1,8
monitor,1,4,5
comply,7,10,17
comply with,0,1,1
comply with terms,0,1,1
deal,0,1,1
deal approval,1,0,1
approval,0,3,3
according,0,1,1
fell,0,1,1
New York  trading,1,0,1
trading,0,1,1
shares,2,2,4
Mobility,0,2,2
closed unchanged,1,0,1
unchanged,2,2,4
stock,1,0,1
year to date,1,0,1
graduating,3,6,9
TechCrunch,2,0,2
mobile writer,3,3,6
advertising,2,0,2
announced,2,1,3
intentions,6,3,9
acquire,10,5,15
acquire hardware manufacturer,1,0,1
hardware,1,1,2
hardware manufacturer,2,0,2
manufacturer,3,1,4
final pieces,0,1,1
deal,0,1,1
blessing,4,9,13
victim,3,5,8
chest,0,1,1
lone,2,2,4
lone gunman,3,0,3
gunman,1,1,2
approached,1,3,4
pub,3,3,6
injured,0,2,2
Prison,0,1,1
treated,1,0,1
life-threatening,8,10,18
silver saloon,1,0,1
silver saloon car,1,0,1
saloon,3,0,3
saloon car,4,1,5
burnt out,1,0,1
technically,4,0,4
technically examined,5,2,7
examined,3,1,4
Gardaí,0,2,2
Ballyfermot,1,0,1
Terrace,0,1,1
government,1,0,1
diplomatically,10,3,13
diplomatically resolve,3,4,7
resolve,2,1,3
tense standoff,3,0,3
standoff,5,9,14
involving,1,2,3
warship,1,0,1
surveillance,5,6,11
surveillance vessels,6,1,7
vessels,0,2,2
disputed,5,5,10
dangerous confrontation,2,0,2
confrontation,10,9,19
attended,1,0,1
attended services,1,0,1
services,0,1,1
had been absent,0,1,1
absent,3,1,4
couple of days,0,1,1
tragedy,10,8,18
community,3,0,3
seriously injured,0,2,2
shooting,1,1,2
shooting incident,2,2,4
incident,1,0,1
remains,0,1,1
critical,5,4,9
critical condition,3,2,5
gun attack at a house,1,0,1
suspicion,10,6,16
suspicion of murder,2,3,5
in custody,2,0,2
custody,3,3,6
custody assisting police,1,0,1
assisting,1,2,3
inquiries,4,5,9
suspicion,5,2,7
suspicion of assisting,0,1,1
suspicion of assisting an offender,1,0,1
assisting,1,1,2
assisting an offender,1,1,2
offender,4,4,8
released unconditionally,4,1,5
unconditionally,10,5,15
defectors,10,10,20
Rastan,2,2,4
authorities,2,2,4
security forces,3,0,3
uprising,7,10,17
Opposition,4,1,5
Opposition activists,5,2,7
activists,1,3,4
EU sanctions,1,0,1
sanctions,9,1,10
undermines,6,10,16
UN-backed,1,0,1
UN-backed peace plan,0,1,1
peace plan,1,0,1
supposed,1,2,3
deadly crisis,2,2,4
crisis,1,4,5
ceasefire,10,10,20
supposed,0,1,1
throwing into doubt,1,1,2
Bashar al-Assads,1,0,1
seeking,0,2,2
deployment,9,8,17
flashpoint,5,6,11
flashpoint areas,6,4,10
UN military observers,1,0,1
military observers,1,0,1
observers,1,1,2
observers,2,0,2
observers were on the ground,1,0,1
ignoring,3,4,7
public opinion,1,0,1
discredits,10,9,19
discredits the authorities,1,0,1
authorities,2,2,4
destabilises,10,9,19
destabilises the situation,2,0,2
situation,1,1,2
Gorbachev,0,1,1
numerous,1,1,2
numerous falsifications,2,2,4
numerous falsifications and ballot stuffing,1,0,1
falsifications,10,10,20
ballot,2,2,4
ballot stuffing,6,5,11
stuffing,1,4,5
parliamentary,4,3,7
parliamentary vote,1,0,1
tiring,0,3,3
tiring of,1,0,1
dominated,6,5,11
political forces,1,0,1
earned,0,1,1
reputation,2,3,5
reputation for corruption,1,0,1
corruption,7,6,13
meanwhile,0,1,1
registered,0,1,1
unusually,1,0,1
unusually sustained protests,1,0,1
sustained,7,5,12
sustained protests,0,1,1
protests,0,2,2
drive,1,0,1
retake,1,2,3
smoothly,0,3,3
opposition,1,0,1
opposition rallies,4,0,4
rallies,1,4,5
pro-Putin,2,0,2
pro-Putin gathering,1,0,1
gathering,0,2,2
Gorbachev,0,1,1
authorities,1,2,3
must annul the parliamentary vote,1,0,1
annul,6,5,11
parliamentary,3,1,4
parliamentary vote results,1,0,1
election,1,0,1
majority,0,2,2
civilians,5,2,7
Syrian uprising,1,0,1
uprising,7,3,10
according,0,1,1
watchdog,9,8,17
including,0,1,1
truce,1,3,4
aside,0,2,2
drastic,3,4,7
drastic reforms,6,2,8
reforms,1,2,3
announced,1,2,3
government,1,0,1
fragile,6,6,12
fragile economy,5,2,7
increase,0,1,1
sound property loans,3,1,4
separate,0,1,1
real estate assets,2,1,3
assets,3,2,5
balance sheets,4,1,5
banking reform,2,0,2
reform,1,2,3
conservative,8,3,11
conservative government,0,1,1
part-nationalise,10,3,13
part-nationalise Bankia,1,1,2
bursting,4,8,12
property bubble,6,4,10
bubble,0,2,2
an ongoing problem,1,0,1
ongoing,7,4,11
ongoing problem,0,3,3
recently,0,1,1
arrested,1,1,2
domestic,3,1,4
domestic violence,1,7,8
domestic violence charge,5,1,6
violence,0,2,2
charge,0,1,1
accused,7,5,12
accused of,0,1,1
damage,0,2,2
pastor,3,1,4
attended,0,2,2
described,2,1,3
normal stuff,0,5,5
stuff,0,2,2
punching,2,7,9
punching some walls,0,1,1
Rockledge,1,0,1
Fla,1,0,1
attended,0,2,2
attended services,2,1,3
services,1,0,1
had been absent,0,1,1
absent,4,1,5
happened,1,1,2
past couple of days,0,1,1
tragedy,10,10,20
community,1,1,2
Guindos,1,0,1
European Commission,2,0,2
Commission,2,0,2
take account,1,0,1
austerity,10,7,17
austerity measures,5,3,8
gravity,9,2,11
gravity of the economic situation,1,1,2
economic,1,0,1
economic situation,2,0,2
situation,0,1,1
increasingly,1,0,1
increasingly difficult,0,1,1
government,1,0,1
refinance,9,7,16
hit,1,0,1
euros,2,0,2
decade-long,1,4,5
decade-long property bubble,0,2,2
property bubble,4,1,5
property bubble burst,2,1,3
bubble,1,0,1
bubble burst,2,2,4
burst,0,2,2
concerns,1,1,2
overspending,2,6,8
regional,1,0,1
fanned,5,9,14
fanned fears,0,1,1
eurozone,5,0,5
eurozone debt crisis,1,1,2
debt crisis,2,0,2
crisis,1,1,2
Toxic,1,2,3
Toxic assets,6,7,13
assets,1,2,3
fear the hole,0,1,1
hole,0,1,1
Successive,6,3,9
Successive waves,2,3,5
sector,2,0,2
clean-ups,1,5,6
convince,1,2,3
investors,1,0,1
correspondent,4,1,5
toxic assets,5,1,6
assets,1,0,1
property bubble,6,1,7
Republicans warily saluted,0,1,1
warily,10,10,20
warily saluted,1,0,1
saluted,2,0,2
war-zone,0,1,1
war-zone trip,0,1,1
accused,0,5,5
craven,10,9,19
craven politics,1,2,3
nonetheless,5,8,13
campaign-related,4,4,8
attempt,0,1,1
attempt to shore up,1,0,1
to shore up,1,0,1
shore,0,2,2
shore up,7,3,10
national security credentials,2,1,3
security credentials,1,0,1
credentials,7,5,12
gutting,8,7,15
gutting our military,1,1,2
tightening,1,3,4
tightening defense budgets,1,1,2
defense budgets,1,0,1
presumed,3,5,8
opponent,2,0,2
politicizing,7,2,9
politicizing the fleeting unity,1,1,2
fleeting,9,4,13
fleeting unity,3,4,7
defense analyst,3,0,3
analyst,2,1,3
Council on Foreign Relations,1,0,1
Obama will be hard pressed to convince,1,0,1
hard pressed,9,1,10
convince,0,1,1
effective,1,0,1
security partner,2,0,2
troops,0,1,1
shelled,7,10,17
rebel-held,5,5,10
sparking,6,5,11
sparking intense,0,1,1
sparking intense clashes,1,2,3
intense,2,1,3
intense clashes,1,2,3
bloodied,4,2,6
bloodied victims,0,1,1
victims,0,1,1
flooding,0,2,2
activists,5,2,7
violence,0,3,3
restive,8,8,16
province,2,0,2
elsewhere,0,1,1
eroding,9,10,19
internationally,1,0,1
internationally brokered,1,0,1
internationally brokered peace plan,1,1,2
brokered,5,8,13
brokered peace plan,1,0,1
observers,0,1,1
crisis,1,2,3
amateur,4,5,9
amateur video,0,1,1
apparently,0,3,3
suffered,0,2,2
shrapnel,10,8,18
shrapnel wounds,1,4,5
wounds,1,0,1
undergoing,1,1,2
makeshift,8,8,16
screaming,0,5,5
rebel,0,4,4
rebel control,1,1,2
Observatory,1,3,4
Human Rights,1,0,1
activist,3,0,3
activist network,3,1,4
Coordination Committees,1,1,2
shelling,7,2,9
wounded,3,4,7
fled,1,9,10
neighbor,0,1,1
had been awakened,0,1,1
awakened,4,7,11
gunfire,1,1,2
immediately,1,1,2
sheriff,1,0,1
sheriffs spokesman,1,0,1
spokesman,4,6,10
neighbor,0,1,1
NBC station,0,1,1
the neighbors report,1,0,1
neighbors,0,1,1
neighbors report,0,1,1
walked back,0,1,1
Arriving,1,1,2
Arriving deputies,1,1,2
deputies,5,4,9
Pebbles,0,1,1
lying,0,1,1
front yard,0,1,1
spotted,4,8,12
spotted a person,0,1,1
ducked,7,9,16
ducked back,1,4,5
ducked back inside,0,1,1
deputies,3,3,6
teen,1,0,1
declared,3,3,6
transferred,6,5,11
transferred to an ambulance,0,1,1
ambulance,3,1,4
Shiite,0,1,1
Shiite imam,2,0,2
imam,2,0,2
Sheikh,1,0,1
Sheikh Abbas al-Laham,1,0,1
Abbas al-Laham,1,0,1
Ruqayya,1,0,1
Ruqayya mosque,2,0,2
mosque,3,0,3
Damascus,1,0,1
a revered place,1,0,1
revered,9,8,17
revered place,0,1,1
pilgrimage,10,9,19
cleric,6,0,6
assassinated,10,8,18
unidentified,3,2,5
unidentified gunmen,0,1,1
gunmen,1,0,1
Observatory,1,4,5
regime,6,4,10
unprecedented,10,8,18
revolt,5,7,12
civilians,3,0,3
Syrian uprising,1,0,1
uprising,2,4,6
watchdog,4,6,10
truce,0,1,1
European Union,1,0,1
foreign ministers,1,0,1
impose,2,6,8
impose fresh sanctions,1,0,1
fresh sanctions,2,0,2
sanctions,2,5,7
U.N.-backed,1,0,1
U.N.-backed peace plan,0,1,1
diplomatic,4,3,7
diplomatic efforts,4,1,5
carnage,10,9,19
mounts,3,1,4
text,0,1,1
woke up,0,2,2
Deputies,4,4,8
identified,5,3,8
Pebbles,0,1,1
shooting,0,1,1
happened,0,1,1
kilometres,4,0,4
Space Coast,1,0,1
location,0,1,1
numerous,4,4,8
famed,1,5,6
famed shuttle launches,1,1,2
shuttle,3,3,6
shuttle launches,1,3,4
launches,2,3,5
spokesman,3,5,8
immediately,3,2,5
immediately comment,1,0,1
a history,1,0,1
history,0,1,1
agency,2,0,2
deputies,0,1,1
responded,2,2,4
domestic,2,1,3
domestic complaints,7,5,12
complaints,2,1,3
previously,1,1,2
shoot BBs,0,2,2
BBs,0,1,1
threatened,4,10,14
set it on fire,0,1,1
approves,0,1,1
approves impeachment,1,0,1
impeachment,10,10,20
Supreme Court,1,0,1
attorney,1,1,2
attorney general,1,1,2
attorney generals,1,1,2
impeach,7,3,10
Otto Pérez,0,1,1
Pérez,1,0,1
pictured,0,2,2
accused,3,3,6
accused of corruption,0,1,1
corruption,8,4,12
decision,1,0,1
lifting,0,1,1
lifting Presidential immunity,0,1,1
immunity,10,8,18
falls,0,1,1
corruption,4,1,5
corruption scandal,1,0,1
scandal,1,6,7
La Linea((en,0,1,1
Roxana Baldetti,0,1,1
Baldetti,1,0,1
fraud,5,3,8
receiving bribes,0,1,1
bribes,6,7,13
Prosecutors,2,2,4
Prosecutors allege,0,1,1
allege,1,3,4
Baldetti,1,1,2
bribes,1,4,5
impeach,3,1,4
investigation,2,2,4
broadened,4,6,10
ministerial,3,0,3
ministerial resignations,6,1,7
resignations,8,2,10
stood,0,1,1
widespread,2,4,6
protests,2,0,2
demanding,1,1,2
Elections,1,0,1
scheduled,3,2,5
commented,0,3,3
rape,2,0,2
rape charges,0,1,1
charges,0,1,1
political motivation,1,2,3
motivation,4,6,10
denied,2,3,5
allegations,10,8,18
Papernaya,1,0,1
Alas,2,0,2
national,0,1,1
performance,1,0,1
performance artist,1,0,1
criminal,1,0,1
psychopath,10,9,19
psychopath and a rapist,1,0,1
rapist,4,4,8
Ukraine,1,0,1
painful performances,0,3,3
performances,2,1,3
Pyotr Pavlensky,1,0,1
sewed,0,4,4
sewed his lips,3,2,5
lips,0,1,1
musical,0,1,1
Pussy Riot,1,0,1
Riot,1,0,1
imprisoned,7,5,12
hooliganism,10,10,20
anti-Putin,1,0,1
nailed,0,3,3
nailed his scrotum,1,1,2
scrotum,9,5,14
Fixation,8,3,11
Matt OBrien,0,1,1
Washington Post,1,0,1
claims,3,0,3
tax cut,2,0,2
wealthiest,3,6,9
citizens,1,0,1
Obamacare,2,1,3
funds,1,0,1
converted,6,2,8
purposes,0,1,1
estimated,6,3,9
annually,2,3,5
Policy,0,1,1
significant,8,4,12
significant motive,1,1,2
motive,1,5,6
Republican,1,0,1
Republican Senators,2,0,2
Senators,0,1,1
repeal,5,6,11
Obamacare,2,1,3
House Majority,1,0,1
Majority,0,1,1
Kevin McCarthy,0,1,1
legislation,6,3,9
legislation repealing,2,2,4
repealing,4,7,11
Obamacare,2,1,3
replacing,0,2,2
Democratic,2,0,2
Senator,0,1,1
million,0,1,1
health insurance,1,0,1
insurance,2,1,3
ACA,0,2,2
jet crashes,0,1,1
crashes,0,1,1
airshow,2,5,7
Thailand,0,1,1
crashed,0,1,1
pilot,2,0,2
International,1,0,1
Songkhla​,0,1,1
annual,1,0,1
airshow,3,3,6
Gripen,3,1,4
crashed,2,1,3
runway,1,3,4
exploded,3,6,9
commercial,9,1,10
identified,2,1,3
Squadron,2,2,4
Squadron Leader,5,0,5
Dilokrit Pattavee,0,1,1
vehicle,1,0,1
vehicle rolled over,0,1,1
rolled,1,3,4
rolled over,1,0,1
responding,1,3,4
screamed,3,5,8
video footage,0,2,2
footage,3,2,5
crash,0,1,1
Royal Thai Air Force,1,0,1
accident,2,0,2
deterred,10,10,20
spokesperson,5,2,7
Pongsak Semachai,0,1,1
investigatory,3,3,6
investigatory commission,9,3,12
commission,1,0,1
formed,1,0,1
Prayut Chan-o-cha,0,1,1
offered,0,1,1
offered his sympathies,0,1,1
sympathies,10,6,16
Pattavees,0,1,1
relatives,1,1,2
purchasing,0,2,2
Gripen jets,1,0,1
neighbours,3,0,3
aircraft,0,1,1
baht,4,0,4
experiments,7,1,8
performed,3,1,4
laboratory,8,1,9
laboratory mice,0,1,1
mice,0,2,2
research,0,1,1
engineered,4,2,6
engineered virus,2,1,3
virus,1,0,1
target,0,1,1
alter,1,0,1
specific,1,0,1
specific sets,0,2,2
neurons,10,3,13
fitted,0,2,2
intracranial,9,9,18
intracranial optical fibers,4,3,7
optical,4,0,4
fibers,1,1,2
expose,1,0,1
excited,1,2,3
neurons,3,1,4
amygdala,10,6,16
emotion and aggression,1,0,1
aggression,3,6,9
stimulated,3,5,8
stimulated prey pursuit,1,0,1
stimulated prey pursuit behavior,2,1,3
prey,2,1,3
prey pursuit,0,1,1
prey pursuit behavior,0,2,2
pursuit,5,4,9
behavior,2,0,2
stalking,3,5,8
stimulated,2,5,7
jaw,0,1,1
exposed,0,1,1
primed,5,3,8
primed mice,0,1,1
stalk,1,2,3
stalk and then pounce,0,1,1
pounce,4,5,9
pounce on,0,1,1
enclosure,1,5,6
scent,1,0,1
prey,0,1,1
Representative,9,3,12
where its pointed,1,0,1
process,3,1,4
Jezebel,1,0,1
Associated,1,0,1
Associated Press,1,0,1
dismiss,3,4,7
timeline,0,4,4
impossible,0,1,1
complicated,2,2,4
complicated nature,1,2,3
congressional,7,3,10
congressional workings,2,1,3
workings,1,0,1
possibility,3,0,3
comprehensive,9,8,17
comprehensive reform,3,2,5
comprehensive reform bill,3,0,3
reform,1,1,2
reform bill,1,0,1
bill,0,1,1
Obamacare,2,0,2
feasible,8,10,18
The Affordable Care Act,1,0,1
Affordable,0,3,3
cited,0,1,1
key accomplishment,0,1,1
accomplishment,6,8,14
administration,1,0,1
mixed reputation,1,0,1
reputation,4,4,8
conservatives,3,4,7
market-based,3,1,4
market-based health care system,1,0,1
flexible,0,3,3
efficient,1,2,3
costly,1,0,1
Affordable,0,1,1
Affordable Care Act,1,0,1
discredited,6,5,11
discredited pledge,4,2,6
pledge,2,5,7
switch,1,2,3
collision,9,6,15
airport,1,0,1
yesterday,1,0,1
national mourning,1,1,2
mourning,9,6,15
Kyrgyzstan,3,1,4
flight,1,0,1
operated,2,1,3
international,3,0,3
Bishkek,2,0,2
fatal,6,4,10
fatal crashes,0,2,2
crashes,0,2,2
en route,0,3,3
crashed,0,2,2
shortly after take-off,1,0,1
take-off,1,3,4
people on board,0,1,1
on board,1,0,1
board,1,0,1
contract,2,2,4
contract extension,2,1,3
extension,3,5,8
Bayern  German football club,1,0,1
announced,2,0,2
Dutch winger,0,2,2
winger,3,1,4
Arjen,1,0,1
one contract extension,1,0,1
contract extension,1,0,1
extension,6,2,8
Spending,1,0,1
Munich,0,1,1
scored,1,0,1
Bundesliga,2,1,3
Bundesliga appearances,1,0,1
appearances,4,3,7
netted,3,10,13
League,2,0,2
source,0,1,1
medicine,0,1,1
medicine in nature,1,0,1
species,3,4,7
access,2,2,4
source,0,1,1
evolved,7,3,10
evolved the same behaviour,1,0,1
behaviour,4,1,5
medicate,5,5,10
research,1,1,2
Phew,1,1,2
questions,1,0,1
unanswered,4,5,9
Ph.D,1,0,1
ants,0,1,1
recognize,5,5,10
collaborating,8,8,16
Copenhagen,0,2,2
immunity,8,7,15
immunity in fungus-growing termites,1,0,1
fungus-growing,6,3,9
fungus-growing termites,0,2,2
termites,6,7,13
chemical,2,0,2
chemical recognition,1,0,1
chemical recognition abilities,4,0,4
recognition,4,2,6
recognition abilities,0,2,2
Furthermore,2,1,3
social parasitism,4,2,6
parasitism,10,8,18
wood-ants,1,2,3
exploiting,6,4,10
nest,0,1,1
shelter,1,2,3
resources,1,2,3
somehow,0,1,1
fortress,7,6,13
methods,2,0,2
equipment,8,5,13
low budget,0,2,2
budget,6,4,10
experimental,10,1,11
experimental setups,1,2,3
setups,0,4,4
equipment,4,1,5
nicknamed,2,6,8
Nickinator,2,1,3
i-Nick,1,0,1
fundamental,10,7,17
fundamental science,2,1,3
science,2,0,2
wherever,0,1,1
wild,0,1,1
wild colonies,1,1,2
colonies,5,3,8
Formica fusca,4,1,5
fusca,2,3,5
searching,0,1,1
tree-trunks,1,4,5
logging,2,6,8
logging sites,1,3,4
housed,0,3,3
ants,0,1,1
nests,0,3,3
Y-tong,2,0,2
Y-tong [aerated concrete,0,1,1
aerated,1,1,2
aerated concrete,1,1,2
concrete,1,0,1
carve,1,8,9
carved,0,2,2
old CD covers,1,0,1
prevent,1,1,2
escaping,2,1,3
Force India,1,0,1
joined,0,1,1
Marussia,2,2,4
following,1,2,3
Monaco,1,0,1
Monaco Grand Prix,1,1,2
Grand Prix,1,0,1
scored,0,2,2
Marussias,1,1,2
ninth-place,1,1,2
ninth-place finish,0,1,1
accident,2,1,3
sanctions,10,5,15
Formula One,1,0,1
Formula One racing,0,1,1
racing,0,1,1
panel,4,4,8
investigate,8,5,13
crash,0,2,2
Afterwards,1,2,3
revealed,2,4,6
revealed its findings,0,1,1
Bianchi,0,2,2
entered,0,1,1
run-off,1,3,4
run-off area,2,0,2
track,0,1,1
disabled,5,4,9
failsafe,8,9,17
failsafe mechanism,5,2,7
mechanism,4,2,6
throttle,10,9,19
throttle and brake together,0,1,1
brake,0,3,3
Eventually,0,3,3
mandated,10,10,20
virtual safety car,2,2,4
virtual,1,0,1
requires,0,1,1
enter the pit lane,0,1,1
the pit,1,0,1
pit,0,1,1
proceeding,9,3,12
broadcasts,8,4,12
broadcasts,1,2,3
exchange,3,2,5
fire,1,0,1
loudspeakers,1,1,2
loudspeakers broadcasting,0,1,1
loudspeakers broadcasting propaganda,1,0,1
broadcasting,0,1,1
propaganda,10,9,19
respond,1,1,2
militarily,4,2,6
broadcasts,1,0,1
militaries,3,0,3
alert,0,2,2
withholds,1,5,6
death,1,0,1
death penalty,0,1,1
penalty defendants,1,0,1
defendants,1,5,6
judgement,4,0,4
released,1,0,1
very considerable unease,1,0,1
considerable,2,2,4
considerable unease,1,2,3
unease,6,4,10
rejected,4,0,4
application,3,1,4
defendants,4,1,5
penalty,1,2,3
sought,0,3,3
Metropolitan,4,1,5
assist,2,2,4
assist their defence,1,0,1
defence,4,0,4
murders,1,1,2
occurred,3,0,3
picturesque,10,8,18
picturesque resort island,2,0,2
Koh Tao,0,1,1
pictured,0,1,1
Minister,1,0,1
pictured,0,3,3
negotiations,10,7,17
led,0,1,1
starved,1,8,9
"starved, suffocated, stripped naked",1,0,1
suffocated,9,8,17
stripped,2,8,10
stripped naked,0,1,1
exposed,0,1,1
temperatures,3,0,3
beaten,0,1,1
threatened,7,6,13
denied,2,1,3
denied legal representation,1,0,1
legal representation,1,1,2
representation,2,0,2
Royal Thai,0,1,1
misconduct,10,6,16
Mr Justice Green,0,1,1
assistance,3,0,3
report is known to contain,0,1,1
material,1,0,1
disputed,5,7,12
Phyo,1,1,2
confessions,5,6,11
representation,4,0,4
retracting,10,8,18
backed up,1,2,3
torture,4,5,9
evidence,3,0,3
the report described,0,1,1
described,2,0,2
routine,3,3,6
routine conduct,0,1,1
conduct,3,0,3
crime investigation,0,1,1
investigation,2,1,3
Extradition,10,10,20
are thought,0,1,1
alongside,4,3,7
eighteen-month-old,1,1,2
Syrian,0,1,1
travel document,1,0,1
document,2,1,3
spokesman,1,3,4
Hans,0,1,1
Peter Doskozil,0,1,1
Doskozil,1,0,1
journalists,3,1,4
first assumption,0,1,1
assumption,10,6,16
migrants,8,6,14
Syrian,0,1,1
migrants,3,0,3
rule out,1,1,2
accused,3,3,6
escorted,8,10,18
Kecskemet,2,0,2
central,1,0,1
police convoy,0,1,1
convoy,8,5,13
Reportedly,1,1,2
lorry,2,1,3
traveled,0,1,1
Kecskemet,1,1,2
presently,2,0,2
building a border,1,0,1
fence,0,2,2
Serbian,1,0,1
Serbian frontier,1,0,1
frontier,5,3,8
migrants,3,1,4
war-torn,2,0,2
war-torn Syria,0,1,1
access,2,0,2
access to,0,1,1
Schengen,2,0,2
movement,1,2,3
lorry,5,3,8
so-called,1,0,1
Eastern Motorway,0,1,1
Motorway,1,0,1
Hungarian,2,1,3
hard shoulder,1,1,2
Neusiedl,2,1,3
Parndorf,2,1,3
closer,0,1,1
victims,1,2,3
suffocated,10,9,19
seeking,0,3,3
Krone,0,1,1
published,3,1,4
non-articulated,10,9,19
lorry,3,1,4
hard shoulder,0,1,1
vehicle,2,0,2
liquid,1,0,1
passing motorist,1,0,1
motorist,0,3,3
helicopter,4,1,5
on-scene,1,2,3
branding,1,6,7
Slovakian,2,0,2
Hyza,2,0,2
companys website,1,0,1
sported,1,3,4
apparent,6,2,8
apparent anti-immigration,2,0,2
apparent anti-immigration graphic,0,2,2
anti-immigration,6,4,10
anti-immigration graphic,2,1,3
graphic,3,2,5
Wikinews,3,0,3
detention,9,6,15
detention relates,1,0,1
relates,0,1,1
discovery,2,1,3
lorry,5,2,7
corpses,4,10,14
death toll,1,1,2
toll,0,2,2
yesterday,0,1,1
finalised,4,0,4
hearing,0,3,3
Kecskemet,4,1,5
pictured,0,1,1
lorry,3,1,4
abandoned,6,7,13
hard shoulder,2,1,3
shoulder,1,1,2
Eastern Motorway,2,1,3
Hungarian,0,1,1
Roadworkers,3,3,6
suspicious,8,5,13
seeping,3,4,7
vehicle,1,0,1
responding,1,2,3
estimates,2,3,5
suffocated,10,7,17
lorry,1,1,2
Parndorf,1,1,2
arrested,2,0,2
Bulgarian,0,1,1
Criminal,1,0,1
Criminal suspects,1,2,3
suspects,0,2,2
prosecutors,10,8,18
citing,1,1,2
seriousness,3,3,6
extended,4,1,5
dubbed,6,10,16
gag,1,2,3
gag law,3,2,5
es,1,0,1
gagging,2,4,6
gagging law,2,2,4
prohibits,3,5,8
unauthorized,8,6,14
jeopardize,10,10,20
protected,2,0,2
facilities,4,1,5
operations,2,0,2
Joaquim Bosch,1,1,2
Democracy spokesperson,0,1,1
spokesperson,1,2,3
citizens,1,0,1
citizens security,1,0,1
protests,1,2,3
indicate that the,0,1,1
preoccupied,8,6,14
economic situation,1,1,2
political corruption,2,0,2
corruption,5,2,7
Amnesty International,1,0,1
International condemned,1,0,1
condemned,6,6,12
threats,1,1,2
to stigmatize,1,0,1
stigmatize,10,10,20
stigmatize and criminalize,1,0,1
criminalize,10,2,12
Virginia Álvarez,1,0,1
instead of listening to their demands,0,1,1
dialogue,4,2,6
authorities,1,0,1
impede,8,8,16
impede people from protesting,1,0,1
protesting,1,0,1
shots,0,1,1
reported,1,2,3
interviewee,10,9,19
Vicki Gardner,0,1,1
transported,3,2,5
underwent,4,7,11
underwent surgery,1,2,3
surgery,1,1,2
injuries,1,1,2
stable,1,1,2
stable condition,0,2,2
gunman,0,1,1
identified,1,1,2
Vester Lee Flanagan,0,1,1
fled,0,5,5
scene,0,1,1
brief,0,1,1
chase,0,3,3
ensued,9,10,19
law enforcement,1,3,4
enforcement,8,3,11
enforcement attempted,1,1,2
attempted,1,2,3
unsuccessfully,6,2,8
Flanagan,2,0,2
Interstate,1,2,3
Fauquier,2,0,2
pulled off,1,0,1
pronounced,8,7,15
Fairfax-area,1,1,2
reported,0,1,1
alias,5,1,6
Bryce Williams,0,1,1
WDBJ,1,0,1
Flanagan,0,1,1
difficult,1,1,2
race-related,2,3,5
race-related driver death,1,0,1
Marino Grand Prix,0,1,1
Grand Prix,1,0,1
Ayrton,1,1,2
late portion,1,3,4
portion,2,0,2
Grand Prix,0,1,1
Suzuka,0,1,1
Circuit,2,0,2
Bianchi,1,0,1
Bianchi collided,0,1,1
collided,9,8,17
tractor crane,1,0,1
crane,0,2,2
attending,1,0,1
crashed,0,2,2
Bianchis,0,1,1
wedged,5,10,15
wedged underneath,1,3,4
underneath,0,3,3
diffuse,6,2,8
diffuse axonal,2,0,2
diffuse axonal injury,5,5,10
axonal,5,5,10
axonal injury,1,1,2
injury,3,0,3
coma,4,5,9
accident,1,0,1
intensive,2,3,5
intensive care unit,1,1,2
rehabilitation,9,6,15
rehabilitation therapy,2,4,6
therapy,0,1,1
Philippe,0,1,1
described,1,0,1
non-progress,2,2,4
daily torture,2,3,5
torture,4,2,6
Renault,0,1,1
inaugural,8,4,12
inaugural member,3,1,4
Ferrari,0,1,1
charged,1,4,5
occasions,5,2,7
Pavlensky,1,2,3
Russias,0,1,1
Federal,1,0,1
Federal Security Service,1,0,1
headquarters,5,1,6
Pavlensky,0,1,1
artwork,1,1,2
Threat,3,3,6
sentenced,2,3,5
prison,0,1,1
term,0,1,1
vandalism,10,10,20
released,0,1,1
Anastasia Slonina,0,1,1
actress,1,0,1
theatre,1,0,1
Teatr,0,1,1
Teatr.doc,0,1,1
liberal,7,2,9
liberal plays,0,1,1
filed,0,1,1
filed rape charges,0,1,1
rape,1,1,2
charges,0,1,1
Pavlensky,0,1,1
Oksana,0,3,3
claims,1,1,2
CCTV video footage,1,0,1
video footage,1,1,2
footage,2,4,6
Pavlensky,0,1,1
beating,0,1,1
Slonina,1,0,1
Sloninas,0,1,1
appear,0,1,1
detained,10,8,18
Sheremetyevo,2,3,5
questioning,4,2,6
Indianapolis,0,1,1
Indianapolis Motor Speedway,1,0,1
Doug Boles,0,1,1
Hulman,0,1,1
Mark Miles,0,1,1
officially,5,1,6
officially announced,0,1,1
announced,7,0,7
Wilsons,0,1,1
accident,3,1,4
evaluated,10,10,20
foot injury,0,1,1
injury,1,0,1
released,1,2,3
Andretti,0,1,1
Autosport,2,0,2
teammate,3,5,8
teammate Ryan,0,1,1
Hunter-Reay,0,1,1
celebrate,5,0,5
Victory Lane,1,0,1
stated,1,1,2
teammate,2,4,6
hard,0,1,1
Formula One,2,1,3
Champ Car driver,0,1,1
ride,0,1,1
entering,0,1,1
Andretti,1,2,3
seven-race,0,2,2
seven-race deal,2,0,2
deal,0,2,2
contract,6,2,8
previously,4,2,6
acquiring,6,8,14
acquiring sponsorship,4,0,4
sponsorship,9,5,14
increased,0,1,1
events,1,0,1
recorded,1,2,3
best finish,1,0,1
Mid-Ohio Sports Car Course,0,1,1
excused,5,4,9
evidence,4,1,5
self-medicating,9,6,15
self-medicating insects,1,1,2
insects,1,0,1
widespread,5,9,14
widespread do you think this phenomenon,1,0,1
phenomenon,10,10,20
first evidence,1,0,1
evidence,1,2,3
self-medication,4,1,5
Moths,0,4,4
definitely,0,2,2
evidence,3,2,5
evidence in honey bees and bumble-bees as well,1,0,1
bumble-bees,3,5,8
wide-spread,2,2,4
insect,1,0,1
insect world,0,1,1
doubt,0,1,1
cases documented,1,0,1
documented,7,6,13
taking care of themselves,1,0,1
locate,1,0,1
healing,1,5,6
healing substances,2,3,5
substances,2,2,4
Bidens,0,1,1
pictured,1,3,4
pictured together,1,0,1
file,0,1,1
enjoyed,0,1,1
unusually,3,3,6
warm relationship,0,1,1
ceremony,4,6,10
described,0,1,1
highly emotional,1,1,2
emotional,1,2,3
cited,3,2,5
running mate,1,2,3
mate,0,2,2
career,1,0,1
described,1,1,2
arguments,5,4,9
a lion of American history,1,0,1
modified,8,4,12
modified form,2,2,4
Medal of Freedom,1,0,1
distinction,10,7,17
awarded,0,2,2
Pope John Paul,0,1,1
then-former,0,1,1
Secretary,1,0,1
Secretary of State,1,0,1
Colin Powell,0,1,1
ceremony,1,0,1
comically,10,7,17
bromance,10,9,19
spreading,1,5,6
spreading multiple,0,1,1
multiple,3,0,3
multiple conspiracy theories,1,1,2
conspiracy,7,8,15
conspiracy theories,4,1,5
theories,3,0,3
concerning,3,1,4
President,1,0,1
President Barack Obama,0,1,1
previously,0,1,1
Democratic,1,0,1
presidential,3,1,4
presidential nomination,1,0,1
nomination,7,4,11
unsuccessfully,7,1,8
unsuccessfully sought,0,1,1
sought,5,5,10
Republican,1,1,2
Republican Party,0,1,1
Primary,0,1,1
primary,1,0,1
ballot,5,4,9
appeared,0,1,1
harbor,3,6,9
harbor high expectations,0,1,1
expectations,4,1,5
electoral,6,1,7
electoral success,2,0,2
debates,2,2,4
reference,0,1,1
seventeen candidates,0,1,1
debates,2,0,2
casts,0,4,4
eighteenth,1,1,2
eighteenth candidate,2,0,2
willing,1,1,2
participate,1,1,2
second-tier,5,3,8
second-tier debate,1,0,1
debate,2,0,2
Moreover,1,0,1
second-most,0,1,1
exciting,2,0,2
reserving,1,0,1
praises,2,2,4
throughout,1,1,2
announcement,6,4,10
According to,0,1,1
Agus,1,0,1
Agus Supriatna,1,0,1
Supriatna,3,0,3
chief,1,0,1
pilot,1,0,1
reported,1,1,2
technical,4,2,6
technical problems,2,1,3
requested,1,2,3
return to base,0,1,1
base,0,1,1
en,0,1,1
en route,7,4,11
route,1,0,1
Soewondo,3,0,3
Natuna,3,0,3
crew,3,2,5
crew members,0,1,1
on board,1,2,3
fatalities,10,9,19
continued,0,1,1
reported,1,0,1
death toll,2,0,2
toll,1,1,2
identified,1,1,2
blood sampling,4,2,6
sampling,2,6,8
newspaper,1,0,1
Jakarta,1,0,1
allegations,10,9,19
passengers,1,0,1
aircraft,0,1,1
limited,0,1,1
military,0,1,1
civilian,5,1,6
civilian passengers,1,1,2
passengers,1,0,1
related to military,0,1,1
military personnel,1,0,1
personnel,1,2,3
special circumstances,4,0,4
circumstances,7,9,16
make out,0,1,1
resident,3,3,6
quoted,4,4,8
newspaper,1,0,1
Haveeru Daily,0,1,1
appeared,2,1,3
appeared to be headed,0,1,1
headed,2,4,6
Diego,1,0,1
Diego Garcia,0,1,1
According,1,0,1
Huffington,0,1,1
Haveeru,0,1,1
reported,0,1,1
witnesses,4,3,7
interviewed,9,3,12
authorities,5,2,7
deemed,3,8,11
truthful,0,1,1
Maldive military officials,1,0,1
Malaysian,0,1,1
officials,1,0,1
aircraft,0,2,2
airspace,2,4,6
went missing,0,1,1
missing,0,1,1
monitoring,8,8,16
indication,4,4,8
observed,3,1,4
military radars,3,2,5
radars,1,3,4
Furthermore,4,0,4
data,1,0,1
radars,0,2,2
analysed,10,5,15
indication,4,4,8
said flight,0,1,1
flight,1,0,1
Transport Minister,1,0,1
Hishamuddin,0,1,1
Hishamuddin Hussein,1,1,2
located,0,3,3
fined,4,5,9
posting,0,1,1
photograph,2,0,2
incident,2,1,3
gained,1,3,4
gained international attention,0,1,1
international,3,1,4
international attention,0,1,1
attention,1,0,1
parked,1,1,2
reserved,3,2,5
reserved spot,1,2,3
spot,0,1,1
Petrer,2,1,3
snapped,4,9,13
snapped a photo,1,1,2
caption,0,1,1
bloody,3,0,3
bloody well please,2,1,3
fined,0,1,1
Portillo,0,1,1
spokesperson,4,4,8
vehicle,1,0,1
responding,4,6,10
emergency,3,1,4
reported,1,0,1
internationally,5,3,8
Citizens,1,0,1
Citizens Security law,4,1,5
went into effect,0,1,1
response,1,0,1
violent,2,2,4
violent protests,1,2,3
protests,3,2,5
enactment,10,10,20
widespread,2,5,7
widespread criticism,5,2,7
criticism,5,6,11
NATO,1,0,1
NATO summit,1,1,2
summit,8,6,14
Warsaw,0,1,1
Defence,1,0,1
Macierewicz,2,0,2
ceremony,4,8,12
troops,0,2,2
decades,5,6,11
sometimes,1,0,1
protected civilization,3,0,3
civilization,6,3,9
aggression,10,7,17
attended,1,2,3
ceremony,3,0,3
crossed,0,2,2
crossed in,0,1,1
Operation,1,0,1
Operation Atlantic Resolve,0,2,2
Atlantic,1,0,1
Resolve,5,1,6
deployment,8,9,17
Abrams tanks,1,0,1
Bradley Fighting Vehicles,1,0,1
Vehicles,2,0,2
Paladin,1,0,1
Paladin artillery,2,0,2
artillery,10,7,17
deployment,5,3,8
Cold War,0,2,2
unidentified,7,3,10
unidentified man,0,1,1
summonsed,10,10,20
appear,1,0,1
Maidstone Magistrates,0,1,1
Maidstone Magistrates Court,1,0,1
Magistrates,1,0,1
dangerous driving,0,1,1
injury,2,1,3
dangerous driving,1,0,1
criminal,1,1,2
criminal damage,1,1,2
damage,1,0,1
damaged,1,0,1
nonfatal,7,6,13
nonfatal accident,0,2,2
elderly,0,2,2
elderly motorcyclist,1,0,1
motorcyclist,2,1,3
motorcyclist with broken,0,1,1
ribs,1,2,3
avoiding,2,1,3
tonnes,3,0,3
falling debris,0,2,2
debris,8,9,17
lorries,3,2,5
partially,5,0,5
crushed,0,1,1
collapse,4,2,6
triggered,3,9,12
triggered when a digger,0,1,1
digger,2,5,7
lorry,1,1,2
lorry struck,1,0,1
struck,0,1,1
concrete,4,0,4
investigate,6,3,9
await,2,1,3
probe,0,1,1
probes,1,4,5
deciding,0,2,2
launch,3,2,5
collapse,1,2,3
millions,1,0,1
pounds,1,0,1
"damage, and closed",0,1,1
major route,0,1,1
route,2,1,3
accident,1,0,1
led,0,2,2
discussions,6,3,9
discussions regarding,0,1,1
regarding,1,2,3
suggestion,2,4,6
addition,1,0,1
canopy,7,10,17
cars cockpit,1,0,1
cockpit,9,9,18
controversial,8,3,11
opposed,1,1,2
affecting,1,0,1
aerodynamics,10,10,20
s peripheral,1,0,1
peripheral,5,6,11
peripheral vision,5,2,7
vision,0,1,1
movement,1,0,1
escaping,0,1,1
upside-down,0,1,1
tether,4,6,10
nose cone,0,1,1
cone,0,2,2
Hunter-Reay,0,1,1
mentioned renderings,1,0,1
renderings,6,10,16
renderings developed,1,0,1
boomerang-like,5,4,9
boomerang-like debris-deflector,4,2,6
debris-deflector,6,6,12
positioned,2,1,3
tallest,0,1,1
IndyCar,1,1,2
Newgarden,0,1,1
refuted,7,6,13
refuted the statement,0,1,1
statement,1,0,1
regulation,3,1,4
roll,0,1,1
roll hoop,1,1,2
hoop,0,1,1
activity,0,2,2
Adnan,1,0,1
arrested,3,1,4
arrested reportedly,1,1,2
reportedly,1,3,4
hunger strikes,4,4,8
strikes,2,0,2
lasted,0,1,1
lasted,0,2,2
release,1,2,3
token,4,1,5
token of sympathy,4,1,5
sympathy,6,5,11
remaining,2,1,3
remaining Palestinian detainees,1,0,1
Palestinian detainees,1,1,2
detainees,10,10,20
crashes,2,0,2
Indonesian,1,0,1
crashed,1,5,6
board,0,1,1
Sumatra,1,0,1
according,0,1,1
North Sumatra,1,0,1
Tarigan,1,0,1
Officials,1,0,1
exploded,4,7,11
impact,2,6,8
big fireball,1,0,1
fireball,2,5,7
military,1,0,1
took off,0,2,2
crashed,0,3,3
kilometers,3,0,3
a couple of,0,1,1
decision,4,0,4
challenged,4,3,7
unsuccessfully,7,3,10
High Court,1,0,1
pits,0,6,6
pits the two accused,1,0,1
accused,4,3,7
defend,0,1,1
death penalty,0,1,1
possibility,1,1,2
jeopardising,10,10,20
international,2,0,2
international relations,1,0,1
relations,1,0,1
co-operated,2,0,2
light,0,1,1
confidential,7,7,14
charity,2,1,3
Reprieve,4,4,8
Concerns,1,1,2
conduct,1,0,1
investigation,3,0,3
convictions,7,7,14
raised,0,1,1
defence,3,1,4
defence lawyers,1,0,1
Thailand,0,1,1
judge,0,1,1
assistance,1,2,3
acknowledges,9,5,14
how the accused might structure their defences,1,0,1
accused,3,1,4
structure,1,1,2
defences,1,1,2
evidence,4,4,8
involved,0,2,2
Chan-o-cha,0,1,1
arranged,2,3,5
observer,6,0,6
observer team,1,0,1
Metropolitan,1,0,1
Metropolitan Police,1,0,1
conduct,2,1,3
conduct an inspection,1,0,1
inspection,4,2,6
Thai probe,1,1,2
probe,4,6,10
duly,0,1,1
duly dispatched,2,1,3
dispatched,10,6,16
intent,4,4,8
assisting,1,1,2
assisting the victims,0,1,1
victims,2,1,3
expressly,5,2,7
expressly forbidden,2,2,4
forbidden,5,6,11
ministerial,10,1,11
ministerial level,1,0,1
assistance,1,1,2
authorities,6,2,8
involves,0,1,1
death penalty,0,1,1
penalty,0,1,1
established,2,0,2
foreign,2,0,2
foreign death penalty,0,1,1
penalty,1,1,2
Phyo,1,0,1
seeking,0,3,3
complex,1,0,1
heard,0,1,1
defendants,6,8,14
assist,0,1,1
assist their defence,1,0,1
defence,5,0,5
denied,1,3,4
young surface,0,2,2
surface,2,1,3
current,1,2,3
surface,1,0,1
million,1,0,1
craters,6,9,15
natural satellite,2,1,3
satellite,8,1,9
Charon,0,1,1
mountains,1,0,1
water-ice,3,3,6
space probe,1,0,1
probe,6,8,14
flew,0,1,1
Jupiter,3,0,3
future mission,0,1,1
mission,2,2,4
explore,3,5,8
Kuiper,1,0,1
Kuiper Belt,3,1,4
Bianchi,1,0,1
Bianchi,0,1,1
Nürburgrings,1,1,2
Nürburgrings World Series,2,0,2
Nürburgrings World Series by Renault,1,0,1
Renault,0,1,1
serious,1,0,1
accident,2,1,3
Japanese,1,0,1
Japanese Grand Prix,1,0,1
announced,3,2,5
deep sadness,0,1,1
sadness,0,2,2
Philippe,0,1,1
Christine,0,1,1
Mélanie,1,1,2
passed,1,0,1
passed away,4,2,6
admitted,5,2,7
following,1,0,1
Suzuka Circuit,1,1,2
Circuit,1,0,1
Japanese,0,1,1
Grand Prix,1,0,1
expedited,10,10,20
Burmese,1,0,1
nationals,1,1,2
trial accused,1,0,1
accused,2,4,6
accused of murdering,0,1,1
murdering,1,2,3
Witheridge,1,0,1
defence,5,2,7
defence case,0,1,1
issued,1,1,2
issued its judgement,0,1,1
judgement,6,4,10
following,1,0,1
hearing,1,1,2
victims,3,4,7
murdered,1,0,1
Koh,1,0,1
Tao,1,0,1
Witheridge,1,3,4
raped,1,0,1
attracted,0,1,1
worldwide,1,1,2
worldwide attention,1,0,1
confessing,8,3,11
re-enacting,10,8,18
accused,2,0,2
confessions,5,5,10
tortured,5,6,11
ongoing,2,6,8
trial,1,1,2
intervened,8,9,17
Prayut,2,0,2
Chan-o-cha,1,0,1
basically,3,1,4
diseases,3,4,7
nest,0,1,1
disease,0,1,1
actually,1,1,2
infect,4,4,8
Wikinews,1,1,2
research,2,5,7
research,2,0,2
sources,1,4,5
medicine,1,0,1
evidence,3,6,9
tobacco,5,0,5
bumble,0,3,3
bumble bees,0,1,1
Dalial Freitak,1,0,1
currently running tests,0,1,1
running,0,1,1
running tests,0,1,1
Ph.D,1,1,2
Siiri Fuchs,1,0,1
substances,7,7,14
behaviour,7,7,14
described,2,2,4
species,3,6,9
comparison,5,7,12
species,5,5,10
legislative,8,5,13
legislative leaders,1,0,1
moment,0,1,1
craft,0,3,3
craft legislation,2,3,5
legislation,5,1,6
repeal,3,6,9
corrosive,9,10,19
corrosive elements,3,2,5
elements,1,0,1
Obamacare,0,3,3
individual,2,0,2
individual mandate,1,0,1
mandate,8,5,13
penalties,4,2,6
legislation,5,2,7
reforms,2,3,5
insurance,2,0,2
growing the size of government,1,0,1
government,1,1,2
Vice President-elect,1,1,2
Senator,1,0,1
Cantwell,1,1,2
stealing,2,4,6
stealing health care,0,1,1
filibuster,10,10,20
last-ditch,2,6,8
last-ditch tactic,3,2,5
tactic,3,4,7
opposed,1,1,2
motion,1,2,3
refuse,0,1,1
relinquish,9,10,19
opponents,2,1,3
give in,0,2,2
compromise,4,4,8
Infected,3,2,5
food laced,1,0,1
laced,0,6,6
laced with,0,2,2
toxic,1,4,5
toxic hydrogen peroxide,4,1,5
hydrogen,2,0,2
hydrogen peroxide,7,0,7
peroxide,2,0,2
whereas,3,0,3
Hydrogen,1,0,1
Hydrogen peroxide,2,0,2
infected,2,0,2
fatalities,3,8,11
varied,0,1,1
varied their intake,0,1,1
intake,2,3,5
depending,1,0,1
peroxide,2,0,2
peroxide concentration,1,1,2
concentration,7,0,7
Formica,0,1,1
Formica fusca,5,2,7
fusca,0,2,2
encounter,1,4,5
chemicals,2,0,2
aphids,8,7,15
Independent,1,0,1
self-medicating,5,5,10
Bos,0,1,1
obtained,0,1,1
doctorate,10,2,12
Copenhagen,1,1,2
postdoctoral,10,3,13
postdoctoral research,0,3,3
research,1,1,2
Helsinki,2,1,3
AntyScience,1,4,5
blog,1,0,1
blog,1,0,1
a gap between scientists,0,1,1
gap,0,1,1
scientists,2,0,2
pun,2,4,6
pun referencing,0,1,1
referencing,1,2,3
non-scientific jargon-free communication,1,0,1
non-scientific,1,1,2
jargon-free,5,6,11
jargon-free communication,3,1,4
communication,2,0,2
discusses,0,1,1
Wikinews,1,0,1
attracted,1,0,1
researching,1,0,1
chief,1,0,1
allegations,10,10,20
passengers,4,1,5
AirAsia,1,1,2
crashed,1,2,3
aboard,1,6,7
determined,3,4,7
Nigerian,0,1,1
refugee,5,5,10
refugee camp,2,0,2
mistook,5,6,11
refugees,3,3,6
rebels,3,3,6
military,1,0,1
firing,1,1,2
Rann,1,1,2
Borno State,1,1,2
Dozens,1,1,2
refugees,5,2,7
aid workers,0,1,1
estimate,6,2,8
Médecins,1,1,2
Médecins Sans Frontières,2,0,2
Sans Frontières,0,1,1
Frontières,1,0,1
estimates,1,1,2
Borno,1,1,2
attributed,10,9,19
AP,1,0,1
wounded,2,5,7
injured,3,3,6
relations,1,0,1
strained,8,10,18
expelled,5,6,11
diplomats,7,2,9
accused,2,1,3
espionage,10,10,20
sanctioned,10,3,13
intelligence,1,0,1
intelligence agencies,1,0,1
agencies,1,0,1
issued,0,1,1
concluded,3,2,5
hacked,2,6,8
hacked servers,1,1,2
parties,1,0,1
presidential,1,0,1
presidential election,1,0,1
president-elect,1,0,1
indicated,2,1,3
ties,1,2,3
capable,1,1,2
combat-ready,4,2,6
US armoured brigade,0,1,1
armoured,5,2,7
armoured brigade,3,2,5
brigade,4,2,6
equipment,0,2,2
weaponry,5,8,13
ambassador,3,2,5
ceremony,2,2,4
iron-clad,4,4,8
iron-clad commitment,1,1,2
commitment,1,2,3
NATO treaty obligation,1,0,1
treaty obligation,1,0,1
obligation,4,6,10
NATO allies,1,2,3
refused,2,0,2
return wreckage,0,1,1
wreckage,10,10,20
encouraging,1,2,3
encouraging conspiracy,2,0,2
encouraging conspiracy theories,1,1,2
conspiracy,7,5,12
conspiracy theories,3,2,5
theories,3,0,3
in response to,0,1,1
vanishing,7,8,15
vanishing investigatory findings,1,2,3
investigatory,4,2,6
investigatory findings,1,0,1
tension,3,0,3
mounted,3,2,5
deployed,7,6,13
missiles,1,0,1
Kalingrad,1,0,1
enclave,6,5,11
territory,0,2,2
lying,0,1,1
nuclear-capable,8,2,10
Iskanders,2,1,3
anti-ship,2,1,3
anti-ship Bastion,1,0,1
anti-ship Bastion equipment,1,0,1
Bastion equipment,1,0,1
equipment,2,0,2
deployments,6,4,10
troops,0,1,1
rotate,1,0,1
host,0,1,1
rotation,3,0,3
treaty,5,4,9
permanent,3,0,3
deployment,3,3,6
particular,3,0,3
territory,4,1,5
potential,3,4,7
potential thaw,1,2,3
thaw,7,5,12
According,1,0,1
According to,1,0,1
resorts,1,0,1
pieces,0,1,1
debris,10,10,20
disposed,7,7,14
debris,3,2,5
trash,1,2,3
buoys,10,6,16
suspected,3,1,4
suspected military,1,0,1
suspected military waste,1,3,4
wash up,0,1,1
especially,1,2,3
monsoon,9,3,12
monsoon season,2,1,3
residents,1,0,1
resort,1,0,1
regularly,1,0,1
trash,1,0,1
garbage,1,5,6
garbage island,0,1,1
Thilafushi,3,0,3
sorted,2,4,6
exported,3,2,5
exported for recycling,1,0,1
recycling,4,4,8
debris,1,1,2
suspected,2,1,3
Thilafushi,2,0,2
inch,0,1,1
resort,2,1,3
Birther King,1,1,2
Birther,2,1,3
announces,1,0,1
campaign,2,3,5
a perennial,1,0,1
perennial,9,7,16
perennial candidate,3,3,6
candidate,0,1,1
self-proclaimed,5,7,12
self-proclaimed Birther King,0,1,1
seeking,0,2,2
presidential nomination,1,1,2
nomination,2,3,5
fourth bid,1,0,1
bid,0,4,4
announcement,1,1,2
subsequent,9,9,18
subsequent release,1,2,3
expresses,0,3,3
participate,1,0,1
presidential,1,0,1
debates,1,3,4
aligns,7,7,14
fellow,0,1,1
candidate,0,1,1
Additionally,0,1,1
outlines,0,1,1
degrading,8,9,17
degrading the candidacy,1,1,2
candidacy,4,7,11
Republican,0,1,1
nomination,4,0,4
Republican,1,0,1
announcement,2,1,3
loyal,2,0,2
principles,1,1,2
necessarily,3,2,5
loyal,0,1,1
failed leaders,0,1,1
fired artillery,1,0,1
artillery,6,7,13
artillery rounds,1,1,2
rounds,0,1,1
rounds aimed,0,1,1
aimed,0,1,1
loudspeaker,4,4,8
broadcasts,0,4,4
anti-Pyongyang,3,0,3
anti-Pyongyang propaganda,2,2,4
propaganda,9,6,15
Commanders,1,0,1
hastily,4,5,9
hastily dispatched,2,3,5
dispatched,4,1,5
front-line,1,0,1
destroy,1,0,1
psychological,6,2,8
psychological warfare,3,2,5
psychological warfare tools,0,2,2
warfare,0,2,2
enemy,1,0,1
propaganda,4,0,4
propaganda broadcast,0,1,1
counteractions,10,10,20
injuries,1,0,1
attacks,0,1,1
evacuated,5,8,13
Yeoncheon,2,2,4
shell,2,3,5
landed,0,1,1
The South retaliated,0,1,1
retaliated,7,8,15
rounds of artillery,1,0,1
artillery,3,1,4
broadcast,1,0,1
propaganda,3,2,5
loudspeakers,2,3,5
lull,1,2,3
ruled,0,2,2
ruled the pair,0,1,1
in principal,1,0,1
principal,4,0,4
perfectly,0,2,2
perfectly proper right,1,0,1
proper,1,0,1
seek access,0,1,1
access,0,1,1
purpose,0,2,2
subsequently,10,9,19
defence,4,1,5
criminal,1,0,1
criminal proceedings,5,1,6
proceedings,3,6,9
fundamental,5,3,8
fundamental rights,4,2,6
Curling,0,1,1
represented,4,1,5
appeal,3,4,7
Phyo,0,1,1
disappointed,4,2,6
reassured,1,10,11
information,1,1,2
Metropolitan,1,1,2
applying anxious scrutiny,1,0,1
anxious,2,2,4
anxious scrutiny,3,1,4
scrutiny,7,6,13
determined,1,2,3
ongoing,0,6,6
proceedings,1,1,2
contacted,1,1,2
Metropolitan,1,0,1
responsible,1,1,2
policing,1,0,1
statement,0,1,1
awaiting,2,3,5
response,0,1,1
Supreme Court,1,0,1
due,0,1,1
deliver,0,3,3
decision,4,0,4
challenging,5,6,11
issue,0,1,1
issue Article,1,0,1
Article,1,1,2
Brexit,1,0,1
Brexit negotiations—without,1,0,1
consultation,10,5,15
consultation of Parliament,1,0,1
Parliament,4,0,4
Polish PM Beata Szydło,1,0,1
Polish Prime Minister Beata Szydło,1,0,1
headed,3,3,6
ceremony,4,3,7
Żagań,1,0,1
troops,0,2,2
region,1,0,1
response,3,2,5
arriving,1,0,1
duty,1,1,2
government,1,1,2
provide,1,1,2
provide security,0,1,1
security,4,0,4
big step,1,0,1
direction,1,1,2
Outgoing,1,5,6
authorised,10,5,15
intervention,10,7,17
Crimea was annexed,1,0,1
annexed,10,10,20
The Social and Popular Assembly,1,0,1
Social,1,0,1
Assembly,5,1,6
protests,1,2,3
recent,1,0,1
allege,7,3,10
allege violations,3,1,4
violations,6,5,11
electoral,6,0,6
electoral law,1,0,1
electoral,5,0,5
electoral commission crackdown,2,0,2
commission,3,0,3
commission crackdown,2,0,2
crackdown,2,10,12
organisation,2,0,2
Campesino,3,2,5
delay,0,1,1
reformed,2,5,7
constitution,6,0,6
accused,0,1,1
conspiring,10,6,16
conspiring to corruptly divert,1,0,1
corruptly,6,3,9
corruptly divert,2,2,4
divert,4,3,7
denies,1,1,2
misconduct,8,7,15
alleged,3,3,6
alleged shooter,0,1,1
commits,1,1,2
suicide,1,3,4
crew,1,0,1
Roanoke,1,0,1
suspect,0,1,1
manhunt,6,9,15
authorities,2,1,3
conducting,1,2,3
interview,1,0,1
gunman,1,1,2
approximately,6,4,10
under-represented,9,8,17
education,1,0,1
suffering,2,2,4
regional,1,0,1
regional economic downturn,4,1,5
economic,3,0,3
economic downturn,1,2,3
downturn,3,8,11
Amongst,3,2,5
violence,2,1,3
resolved,3,3,6
televised,1,1,2
televised broadcast,2,1,3
broadcast,1,3,4
previously,4,1,5
Chief Minister,1,0,1
sectarian,10,8,18
sectarian violence,1,3,4
violence,2,1,3
resulted,0,1,1
thousand,1,0,1
Hungarian,0,1,1
lorry,3,2,5
articles,0,1,1
Austria,0,1,1
Portal,0,2,2
foreign,4,1,5
suspicion,6,7,13
smuggling,10,10,20
prohibits,9,10,19
unauthorized,9,9,18
jeopardize,10,10,20
cited,1,3,4
spokesperson,3,6,9
Portillo,0,1,1
involved,0,1,1
preferred,3,4,7
solution,2,1,3
legal,0,1,1
legal right,0,1,1
impose,3,5,8
impose the fine,1,0,1
Portillo,1,0,1
impugned,10,10,20
sense of honor,0,1,1
Explosion,2,4,6
hunt,0,3,3
responsible,2,1,3
authorities,2,1,3
searching,1,0,1
backpack,2,4,6
pipe-bomb,2,3,5
exploded,4,4,8
Erawan,1,0,1
Shrine,0,1,1
Bethany,0,1,1
intensive,9,4,13
intensive care,0,1,1
intensive care unit,2,1,3
declared,4,4,8
According to,0,1,1
Bethany,0,1,1
waited,0,1,1
arrival,1,0,1
Meghalaya,0,2,2
Meghalaya chief minister V. Shanmuganathan,1,0,1
minister,1,0,1
Shanmuganathan,1,1,2
announcing,2,3,5
home secretary,3,1,4
government,1,0,1
declare,0,4,4
national mourning,2,1,3
mourning,4,10,14
Rajnath Singh,0,1,1
tweeted,4,4,8
inspiration,8,4,12
entire generation,0,1,1
generation,7,1,8
presidential,0,2,2
completed,0,1,1
challenges,0,5,5
debate,1,2,3
debate exclusion,2,0,2
exclusion,8,3,11
presidential candidate,0,1,1
candidate,1,0,1
commissioner,7,2,9
commissioner of the Internal Revenue Service,1,0,1
Internal Revenue Service,1,0,1
Internal Revenue Service (IRS,1,0,1
Revenue,2,0,2
filed,0,1,1
complaint,2,1,3
Federal,0,1,1
Federal Election Commission,5,0,5
Election,1,0,1
Election Commission,1,0,1
challenge,0,2,2
challenge his exclusion,1,0,1
exclusion,2,6,8
Republican,1,0,1
Republican Party,1,0,1
presidential,2,0,2
presidential debate,0,1,1
debate,1,4,5
claims,1,1,2
Everson,0,1,1
meet the criteria,1,0,1
criteria,7,7,14
established,8,2,10
debates,1,3,4
seventeen candidates,1,0,1
candidates,1,1,2
criteria,3,0,3
consistently,8,9,17
recognized opinion polls,1,0,1
recognized,3,5,8
opinion,2,0,2
opinion polls,0,1,1
polls,0,2,2
prime-time,1,5,6
prime-time event,1,1,2
features,1,1,2
average,1,0,1
average polling,0,1,1
average polling percentage,2,0,2
polling,1,1,2
percentage,2,1,3
participate,3,1,4
separate,1,0,1
debate,1,0,1
prime time event,0,1,1
complaint,3,1,4
Everson,0,1,1
urges,2,1,3
compel,3,3,6
Fox News,1,0,1
second tier,1,0,1
second tier debate,2,1,3
tier,3,1,4
eighth participant,1,0,1
participant,4,0,4
argues,1,1,2
violation,3,1,4
structure[d] the debates,1,0,1
debates,0,1,1
candidate,2,0,2
criteria,2,0,2
criteria that replaced,0,1,1
pre-existing,7,2,9
percent polling,0,1,1
polling,1,0,1
polling threshold,1,1,2
threshold,7,4,11
threshold admitting,1,0,1
consistently,3,3,6
recognized polls,1,0,1
recognized,4,2,6
Brexit,4,3,7
rules out,0,4,4
single market,1,0,1
single market membership,0,3,3
market,1,0,1
membership,1,0,1
announced,2,2,4
governments,1,0,1
proceed,2,3,5
Brexit,2,0,2
stated,0,1,1
government,1,0,1
seek,0,1,1
single market,0,2,2
instead,0,3,3
seek,2,1,3
trade,0,1,1
trade relationship,0,2,2
relationship,2,0,2
government,1,0,1
seek,0,1,1
seek access,0,1,1
access,4,0,4
single market,0,1,1
retaining,10,9,19
formal,0,1,1
membership,1,0,1
stressed,2,6,8
need for friendliness,0,1,1
friendliness,5,2,7
EU,1,0,1
control immigration,1,1,2
immigration,10,6,16
require,1,0,1
bound,3,6,9
bound by decisions,0,2,2
decisions,3,1,4
European,1,0,1
European Court of Justice,1,0,1
Court,1,0,1
Justice,2,0,2
preventing,1,2,3
gaining,0,1,1
Republican nomination,3,0,3
nomination,10,3,13
intends,0,3,3
focus,2,1,3
campaign,4,4,8
protecting,1,0,1
prestige,9,7,16
Hampshire,0,1,1
Primary,2,0,2
Caucus,4,2,6
defending the economic legacy,1,0,1
economic legacy,2,1,3
legacy,3,5,8
Alexander Hamilton,0,1,1
combating,2,6,8
combating political correctness,1,1,2
political correctness,1,0,1
correctness,1,0,1
emphasizing,7,5,12
relations,1,0,1
political,1,0,1
political corruption,0,2,2
corruption,4,4,8
filed paperwork,0,1,1
paperwork,0,4,4
Federal,1,0,1
run for,1,0,1
officially,0,1,1
presidential,1,2,3
presidential candidates,1,0,1
likewise,2,4,6
Rape-accused,2,2,4
Pyotr Pavlensky,1,1,2
seek asylum,0,1,1
asylum,5,5,10
controversial,10,8,18
political,1,0,1
political asylum,0,2,2
asylum,6,2,8
Oksana Shalygina,0,1,1
Shalygina,1,0,1
falsely,1,1,2
falsely accused,1,1,2
accused,1,3,4
Criminal,1,0,1
Criminal law,0,1,1
rape,1,0,1
Presidential,1,0,1
Presidential spokesperson,1,0,1
spokesperson,6,7,13
Dmitry,0,1,1
Dmitry Peskov,1,1,2
echoed,4,6,10
echoed Putin,0,1,1
troops,0,3,3
threat,2,1,3
threaten,4,8,12
threaten our interests,1,0,1
Especially,3,0,3
concerns,1,3,4
third party,1,0,1
military,1,0,1
military presence,2,0,2
presence,3,1,4
borders,0,1,1
European state,1,0,1
Ties,0,2,2
strained,4,10,14
expelled,2,6,8
diplomats,4,4,8
diplomats accused,2,0,2
accused,2,1,3
espionage,10,10,20
sanctioned,9,5,14
intelligence,4,0,4
intelligence agencies,1,1,2
response,0,1,1
hacked,5,6,11
hacked servers,0,1,1
servers,1,0,1
Republican,1,1,2
Democratic parties,0,1,1
presidential,0,1,1
president-elect,2,0,2
president-elect Donald,0,1,1
Szydło,1,2,3
Poland,0,1,1
suffered,5,3,8
suffered a decline,0,1,1
decline,4,4,8
opinion’s,1,0,1
showy,0,2,2
showy profundities,1,0,1
profundities,10,10,20
profoundly,1,3,4
profoundly incoherent,10,3,13
incoherent,5,8,13
decision,1,0,1
wave,0,1,1
rainbow flag,0,1,1
court,0,1,1
court plaza,1,0,1
plaza,1,0,1
Demonstrators,10,4,14
court,0,1,1
chanted,1,5,6
legalise,10,4,14
legalise same-sex,1,0,1
same-sex marriage,2,0,2
marriage,1,0,1
responded,1,2,3
decision,1,0,1
uncertain,3,2,5
uncertain terms,0,1,1
union,1,0,1
introduced,0,1,1
profile,1,1,2
profile picture,1,0,1
victory,2,0,2
Zuckerberg,1,0,1
community,4,1,5
recognized,10,2,12
equal couples,1,0,1
argues,2,3,5
his exclusion,1,0,1
exclusion,8,6,14
exclusion violates,1,1,2
violates,3,2,5
U.S. Code of Federal Regulations,1,0,1
Federal,0,1,1
Federal Regulations,0,1,1
Regulations,1,1,2
debate,1,2,3
structure,0,2,2
debates,1,0,1
promote,1,0,1
advance,0,1,1
advance one candidate over another,1,0,1
candidate,2,0,2
pre-established,3,3,6
pre-established objective criteria,3,0,3
objective,1,2,3
objective criteria,1,2,3
criteria,4,4,8
determine,1,1,2
candidates,1,0,1
participate,1,1,2
debate,0,1,1
Commissioner,2,1,3
IRS,1,0,1
administration,4,1,5
departure,2,3,5
cabinet,2,0,2
governor,1,0,1
Mitch Daniels,0,1,1
tax consulting,1,1,2
consulting,3,1,4
firm,0,1,1
alliantgroup,6,5,11
announced,2,1,3
candidacy,6,5,11
outlined,0,3,3
pillars,2,2,4
campaign,1,0,1
amnesty,10,3,13
amnesty for illegal immigrants,2,1,3
illegal immigrants,0,1,1
immigrants,2,4,6
reinstatement,7,10,17
reinstatement of the military draft,1,1,2
draft,0,3,3
presidential,0,1,1
tax reform,0,1,1
reform,0,1,1
deficit,6,4,10
deficit reduction,2,1,3
corporate,1,1,2
responsibility,0,1,1
shrine,6,9,15
popular attraction,1,1,2
attraction,3,2,5
Thailands capital,0,1,1
including,0,2,2
foreigners,4,2,6
reported,0,2,2
upwards,0,2,2
injured,0,1,1
blast,0,2,2
blast occurred,1,0,1
occurred,1,1,2
approximately,8,3,11
Bangkok,0,1,1
flooded,2,5,7
pedestrian,8,9,17
pedestrian activity,1,1,2
Authorities,1,2,3
suspect,2,1,3
assisted,1,0,1
political unrest,2,1,3
unrest,1,7,8
explosion,4,2,6
Thai baht,1,1,2
Thai baht hit,1,0,1
baht,1,2,3
Defence,1,1,2
Defence Minister,1,0,1
Prawit Wonguwan,0,2,2
Reuters,0,2,2
a deliberate,1,0,1
deliberate,9,8,17
deliberate attack,1,0,1
economy,2,0,2
tourism,1,0,1
tourism industry,1,0,1
authorities,1,0,1
Muslim insurgents,2,0,2
insurgents,10,5,15
southern provinces,0,1,1
provinces,2,1,3
Wikinews,0,1,1
Wikinews interviews,0,1,1
Republican Party,1,0,1
candidate,0,1,1
U.S. Commissioner of Internal Revenue,1,0,1
Commissioner,0,1,1
Commissioner of Internal Revenue,1,0,1
Internal Revenue,0,1,1
Revenue,2,0,2
Wikinews,1,0,1
campaign,2,5,7
Republican,1,0,1
presidential nomination,0,1,1
nomination,4,2,6
Amazonas,0,1,1
prison,0,1,1
prison riot,0,2,2
riot,2,3,5
inmates,2,4,6
whom,1,0,1
beheaded,9,10,19
beheaded and dismembered,1,0,1
dismembered,10,10,20
Roraima,0,2,2
riot,1,0,1
disembowelled,10,10,20
wake,1,0,1
riots,2,1,3
Michel Temer,0,1,1
Reuters,0,1,1
joint cooperation,0,1,1
cooperation,1,0,1
federal,2,1,3
maximum security,2,0,2
security prisons,0,1,1
house,0,1,1
violent,3,0,3
violent convicts,1,2,3
convicts,4,3,7
intelligence,3,0,3
counter,0,2,2
influence,3,1,4
powerful inmates,1,0,1
inmates,2,2,4
Temer,0,1,1
announced,0,1,1
Brazilian,0,1,1
Brazilian reals,1,0,1
budget,2,0,2
activists,4,0,4
skeptical,10,9,19
we basically put colonies,1,0,1
basically,1,5,6
colonies,10,4,14
diet,1,0,1
afterwards,0,4,4
infected,4,4,8
data,1,0,1
so-called,2,3,5
so-called survival analysis,1,0,1
survival,0,3,3
survival analysis,2,3,5
analysis,7,2,9
measured,0,2,2
ROS-concentration,7,3,10
ingested,5,9,14
using a spectrophotometer,1,0,1
spectrophotometer,10,8,18
chemicals,2,0,2
emission,7,5,12
emission of light of a certain wave-length,1,0,1
wave-length,2,3,5
detrimental,8,9,17
detrimental effect,0,2,2
ROS,2,0,2
spores,4,3,7
concentrations,3,3,6
ROS,1,0,1
spores,2,1,3
plated,0,3,3
plated them out on petridishes,1,0,1
petridishes,10,10,20
agar-solution,8,4,12
fungus,4,4,8
Tumblr,0,1,1
tweeted,8,2,10
hashtag,6,5,11
projected,5,3,8
decision,1,0,1
Palestinian,3,1,4
prisoner,1,0,1
Khader Adnan,0,1,1
hunger strike,2,2,4
released,3,1,4
Palestinian,2,0,2
Palestinian Islamic Jihad,2,0,2
Islamic,1,0,1
Islamic Jihad,0,1,1
Jihad,1,0,1
movement,1,0,1
media,1,0,1
Adnan,0,1,1
ceased,5,6,11
achieving,4,3,7
agreement,1,0,1
entailing,6,9,15
administrative,5,1,6
administrative detention,4,1,5
detention,6,4,10
lasted,0,1,1
mortal,4,4,8
mortal danger,1,1,2
severe,2,0,2
severe deterioration,1,1,2
deterioration,10,9,19
hospitalize,7,1,8
Assaf Harofe,0,1,1
Jawd Boulos,0,1,1
released,1,0,1
yesterdays,0,1,1
ruled,0,1,1
ruled out,0,4,4
membership,1,1,2
customs,1,0,1
customs union,3,1,4
union,1,0,1
prevented,0,1,1
negotiating,10,10,20
negotiating trade deals,1,0,1
deals,0,1,1
non-EU countries,1,0,1
Theresa,0,1,1
contributions,4,6,10
EU budget,1,0,1
budget,1,0,1
cease,3,7,10
contributions,6,1,7
pan-European,3,1,4
pan-European schemes,3,2,5
schemes,4,3,7
vast,1,2,3
vast contributions,0,2,2
contributions,3,0,3
legal status,1,2,3
abroad,1,2,3
guarantee,4,6,10
sought,1,1,2
sought reciprocity,0,1,1
reciprocity,10,8,18
Exiting,3,3,6
echoed,1,6,7
Parliament,3,2,5
Houses of Parliament,1,0,1
Parliament,0,1,1
economy,5,0,5
unemployment,8,4,12
unemployment rate,0,2,2
remains,1,0,1
remains steady,0,1,1
steady,0,3,3
Bureau,2,1,3
Bureau of Labor Statistics,1,0,1
Statistics,1,1,2
growth,1,0,1
averaged,3,2,5
Continuing,0,1,1
a trend,1,0,1
trend,2,4,6
steady,3,3,6
steady employment growth,0,1,1
employment,1,1,2
economy,1,1,2
Statistics,3,0,3
unemployment,0,1,1
remained,0,1,1
unchanged,0,1,1
quite strong,1,0,1
Jim OSullivan,0,1,1
chief,2,0,2
economist,7,3,10
Economics,0,1,1
data,1,0,1
data analysis,1,1,2
data analysis firm,2,1,3
analysis,5,2,7
firm,1,0,1
pace,1,1,2
employment growth,1,0,1
trending,1,5,6
trending down,1,1,2
earnings,2,1,3
rose,0,1,1
rebound,9,7,16
stalled,3,7,10
Wages,1,1,2
Federal,0,1,1
Federal Reserve,1,0,1
annual,2,1,3
annual wage growth,2,0,2
wage,0,1,1
underlying,9,7,16
underlying rate,0,1,1
underlying rate of inflation,1,0,1
inflation,8,7,15
border,1,0,1
migrants,7,9,16
"Afghanistan, Syria, and Bangladesh",1,0,1
Syria,0,1,1
Biologist,5,1,6
Biologist Nick Bos,0,1,1
Wikinews,1,0,1
self-medicating,7,1,8
ants,0,1,1
University of Helsinki,1,0,1
Helsinki,0,1,1
amazing adaptations,1,1,2
adaptations,9,9,18
social insects,1,2,3
evolved,2,3,5
extreme,1,0,1
extreme parasite pressure,0,1,1
parasite,9,5,14
parasite pressure,1,2,3
experience,0,1,1
recently-accepted,1,1,2
Evolution,4,2,6
colleagues,4,3,7
ants,0,1,1
appearing,1,0,1
self-medicate,3,3,6
documented,3,4,7
Formica,1,0,1
Formica fusca,2,1,3
fusca,1,1,2
ant,0,1,1
species,1,0,1
thousand-strong,1,3,4
colonies,4,1,5
aphid,6,2,8
aphid honeydew,2,3,5
honeydew,0,2,2
nests,0,2,2
tree stumps,1,1,2
stumps,2,4,6
foraging,6,6,12
foraging workers,1,2,3
spotted,0,6,6
ants,0,1,1
Beauveria bassiana,4,1,5
bassiana,0,1,1
a fungus,1,0,1
fungus,6,1,7
troops,0,2,2
threat,2,2,4
yesterday,0,1,1
indicated,4,4,8
a threat,1,1,2
threat,1,3,4
deployment,10,10,20
Operation,1,0,1
Operation Atlantic Resolve,1,2,3
Resolve,3,1,4
quarter,2,2,4
troops,1,0,1
earmarked,8,10,18
Humvees,8,3,11
based,1,0,1
Żagań,2,0,2
Polish Prime Minister,1,0,1
Prime Minister,1,0,1
Defence Minister,1,0,1
Macierewicz,1,0,1
scheduled,4,3,7
ceremonially,10,9,19
tomorrow,0,1,1
deployment,3,4,7
Abrams tanks,0,1,1
Bradley Fighting Vehicles,1,1,2
Vehicles,1,0,1
Paladin,1,0,1
Paladin artillery,2,2,4
artillery,9,7,16
deployment,4,2,6
Cold War,1,2,3
Justice,0,1,1
state-run,3,3,6
news outlet,1,0,1
outlet,2,1,3
Agência,1,0,1
Agência Brasil,1,0,1
riot,3,8,11
continued,0,1,1
security,1,0,1
security forces,1,0,1
security forces quelled,1,0,1
quelled,10,10,20
riot,0,2,2
Presse,1,0,1
Janeiro,2,0,2
gang,0,2,2
gang members,1,0,1
Primeiro,2,1,3
Primeiro Comando da Capital,1,0,1
Comando Vermelho,2,0,2
Vermelho,1,0,1
riots,0,1,1
participants,3,1,4
participants,2,1,3
Sindicato do Crime,1,0,1
had been housed,0,1,1
housed,1,3,4
separate,1,2,3
prison,1,1,2
ringleaders,10,10,20
captured,2,5,7
facilities,4,5,9
riots,0,1,1
overcrowding,10,9,19
contributed,3,4,7
riot,0,1,1
department,1,0,1
Alcaçuz,1,1,2
inmates,3,6,9
capacity,3,1,4
Bundesliga,3,1,4
Bundesliga titles,1,1,2
titles,2,0,2
DFB-Pokal,0,1,1
DFB-Pokal titles,1,1,2
titles,1,2,3
scored,1,1,2
winning,0,1,1
winning goal,0,2,2
goal,1,0,1
UEFA Champions League,1,0,1
Champions League,1,0,1
League,4,1,5
Wembley Stadium,1,0,1
Bayerns,1,0,1
arch,2,0,2
arch rivals,5,6,11
rivals,1,2,3
Borussia Dortmund,1,0,1
signing,1,1,2
contract,1,3,4
playing,0,1,1
further year,0,1,1
club,0,1,1
Munich,1,0,1
second home,0,1,1
continue,1,1,2
highest level,0,1,1
trophies,9,6,15
announced,2,3,5
announced signings,0,1,1
signings,2,4,6
Niklas Süle,1,0,1
Hoffenheim,2,0,2
squad,3,4,7
squad in,1,0,1
internationals,6,1,7
penned,6,10,16
respectively,10,5,15
Bianchi,1,0,1
Bianchi familys second driver death,1,0,1
driver death,1,0,1
Le Mans,1,0,1
great uncle,2,0,2
testing at Circuit,1,0,1
Circuit,2,0,2
Circuit de la Sarthe,4,0,4
Sarthe,2,0,2
Le Mans,1,0,1
Le Mans race,1,0,1
held,0,2,2
condolences,10,10,20
social media,2,1,3
Marussia,1,1,2
team mate,1,0,1
mate,0,1,1
tweeted,5,3,8
describe,0,1,1
pleasure,2,1,3
pleasure knowing,0,1,1
knowing and racing you,1,0,1
Portrait,5,4,9
president,1,0,1
Missile,0,1,1
Missile Man,3,0,3
Missile Man of India,1,0,1
former,0,1,1
collapsing,10,10,20
collapsing at,1,0,1
delivering,6,5,11
delivering a speech,0,1,1
speech,0,1,1
Livable,2,0,2
Livable Planet Earth,1,0,1
Indian Institute of Management Shillong,2,0,2
Institute,1,0,1
Institute of Management,1,0,1
Institute of Management Shillong,1,0,1
"Management Shillong, in Meghalaya, India",1,0,1
Meghalaya,1,0,1
wrapped,3,9,12
wrapped himself,0,1,1
half naked,1,0,1
cocoon,10,6,16
barbed,2,8,10
barbed wire,5,1,6
following,1,0,1
chopped,2,2,4
chopped off,0,4,4
ear lobe,1,0,1
lobe,0,2,2
nude,2,2,4
labelling,3,2,5
Segregation,10,9,19
returning,1,0,1
Pavlensky,1,2,3
lamb to the slaughter,1,0,1
slaughter,10,9,19
especially,1,1,2
slaughter,4,3,7
desired,0,1,1
Oksana,0,1,1
liable,7,4,11
sentenced,2,3,5
guilty,5,3,8
fined,0,1,1
Gag Law,1,2,3
vehicle,0,1,1
handicapped,8,3,11
handicapped bay,0,2,2
Petrer,0,1,1
license,4,1,5
fined,0,1,1
posting,0,1,1
photograph,1,0,1
vehicle,1,1,2
reserved,3,1,4
disabled/handicapped,4,0,4
Eventually,4,4,8
incidents,8,3,11
anger,0,1,1
fore,5,5,10
dismissed,5,6,11
appeared,1,1,2
captured,4,3,7
Twitter and Facebook pages,1,0,1
afterwards,3,3,6
dozens,0,1,1
lorry,3,2,5
lorry  To,1,0,1
articles,0,1,1
Portal,0,1,1
Portal  Flag,2,0,2
Austria.svg,1,0,1
Parndorf,2,1,3
lorry,6,1,7
estimated,3,5,8
decomposing,5,5,10
decomposing corpses,6,3,9
corpses,2,4,6
apparently,5,3,8
apparently abandoned,2,3,5
apparently abandoned lorry,1,0,1
abandoned,6,5,11
lorry,4,1,5
Roadworkers,3,2,5
spotted,0,3,3
vehicle,1,0,1
yesterday,1,0,1
alerted,0,3,3
Responding,4,1,5
corpses,2,3,5
researchers,2,1,3
amygdala,10,8,18
hunting,0,1,1
biting,1,1,2
biting behavior,1,0,1
jawed,0,3,3
jawed vertebrates,3,2,5
vertebrates,10,4,14
experiments,5,0,5
funded,0,2,2
organizations,5,1,6
inspired,3,1,4
inspired comparisons,1,1,2
comparisons,0,1,1
research,1,0,1
zombies,4,5,9
Walking Dead,0,1,1
especially,1,0,1
behavior,2,0,2
pronounced,7,4,11
subjects,0,1,1
mice,1,1,2
stimulating,6,5,11
stimulating predatory,3,0,3
stimulating predatory behavior,0,1,1
predatory,8,4,12
predatory behavior,0,2,2
specifically,5,0,5
aggressive,4,4,8
laser,1,0,1
resembled,5,6,11
motorway,1,1,2
motorway bridge,0,1,1
collapse,2,2,4
indicated,1,3,4
charged,0,1,1
collapse,4,0,4
pedestrian,9,5,14
pedestrian bridge,0,2,2
motorway,0,1,1
counted,0,1,1
spores,7,10,17
reliable,2,8,10
reliable,4,3,7
colonies,6,6,12
containing,1,0,1
conducted,4,5,9
conducted the experiment blind,1,0,1
experiment,2,1,3
experiment blind,0,1,1
blind,1,2,3
experimenter,4,4,8
treatment,1,0,1
impossible,1,0,1
influence,3,5,8
observer bias,7,7,14
bias,4,4,8
proof,0,2,2
species,2,3,5
extrapolate,10,10,20
ants,0,1,1
lead,0,1,1
fungus,3,4,7
Slovak,2,2,4
Hyza,1,1,2
previously,2,2,4
Wikinews,2,0,2
the lorry,0,1,1
lorry,5,3,8
changed,0,1,1
changed hands,1,0,1
roughly,2,4,6
exported,9,1,10
bears,0,2,2
Hungarian,1,0,1
features,2,3,5
branding,3,4,7
including,1,1,2
discovery,2,0,2
removed,0,1,1
graphic,5,2,7
graphic from their homepage,1,0,1
homepage,0,2,2
featuring,2,0,2
chicken stowaways,0,1,1
stowaways,9,9,18
inspected,3,2,5
customs,2,2,4
stowaways,6,3,9
appeared,1,1,2
alongside,1,2,3
imigranti,8,4,12
migrants,3,4,7
lorry,1,1,2
Braunau,1,1,2
refused,0,2,2
arrested,0,1,1
chase,0,1,1
hospitalised,8,2,10
severe,2,0,2
severe dehydration,2,1,3
dehydration,10,9,19
served,1,2,3
Commissioner,4,2,6
Commissioner of Internal Revenue,1,0,1
Internal,1,0,1
Internal Revenue,2,2,4
Revenue,3,2,5
administrative,8,2,10
Internal Revenue Service,1,0,1
Internal Revenue Service (IRS,0,1,1
administration,3,2,5
departure,7,7,14
briefly,1,3,4
cabinet,5,3,8
Indiana governor,1,0,1
Mitch Daniels,0,1,1
tax consulting firm,1,1,2
tax consulting firm alliantgroup,1,0,1
consulting,6,2,8
alliantgroup,6,2,8
announced,2,1,3
candidacy,7,7,14
outlined,0,5,5
pillars,5,2,7
campaign,2,1,3
amnesty,10,3,13
illegal,1,0,1
illegal immigrants,0,2,2
immigrants,6,5,11
reinstatement,10,10,20
reinstatement of the military draft,0,1,1
draft,1,4,5
presidential term,0,1,1
tax reform,0,1,1
deficit,5,2,7
deficit reduction,0,4,4
corporate responsibility,0,3,3
responsibility,0,1,1
excluded,3,2,5
presidential,1,1,2
debate,0,2,2
excluded,3,1,4
polls,0,1,1
appointed,10,5,15
position,1,1,2
Choe,0,1,1
involved,3,3,6
trade talks,2,1,3
talks,1,0,1
Koreas,0,1,1
attended,1,2,3
Kaesong,1,1,2
Kaesong Industrial Region,1,0,1
Industrial,2,1,3
joint,1,0,1
joint venture,5,5,10
venture,6,3,9
South Koreas,0,1,1
Ministry of Unification,1,0,1
Unification,2,4,6
Reuters,1,3,4
monitoring,7,5,12
publicly,3,1,4
South Koreas,0,1,1
executions,5,9,14
officials,0,1,1
including,0,1,1
forestry official,1,1,2
forestry,7,3,10
Choe Yong-gon,0,1,1
mentioned,2,2,4
referring,2,3,5
Yonhap,1,1,2
attributed,8,7,15
attributed roughly,1,0,1
roughly,0,4,4
executions,7,0,7
troops,1,0,1
are set to,0,1,1
rotate,3,3,6
rotate around,1,0,1
region,3,0,3
planned,0,1,1
host,2,4,6
nations,1,0,1
Estonia,1,1,2
"Estonia, Latvia, Lithuania, Romania, Bulgaria",1,0,1
Latvia,1,1,2
Lithuania,1,1,2
Romania,0,1,1
Bulgaria,0,1,1
Hungary,1,0,1
rotation,1,0,1
treaty,6,6,12
preventing,3,2,5
preventing permanent deployment,1,0,1
permanent,1,0,1
permanent deployment,2,0,2
deployment,8,10,18
particular territory,3,0,3
territory,6,5,11
Deputy,0,1,1
Foreign,1,0,1
Alexei Mechkov,1,1,2
incoming,1,1,2
vehicles,1,0,1
factor,1,0,1
factor destabilising European security,1,0,1
destabilising,10,9,19
presence,0,1,1
US assets,0,1,1
assets,1,1,2
threatens,1,5,6
threatens our interests and our security,1,0,1
security,1,0,1
Vladimir Putin,1,0,1
Putin,0,1,1
administration,5,1,6
described,0,1,1
deployment,2,1,3
threat,0,2,2
relations,1,0,1
strained,2,9,11
annexation,10,10,20
Crimea,2,1,3
increasing,1,0,1
presence,2,0,2
Kalingrad,1,1,2
enclave,4,3,7
territory,1,1,2
Lithuania,0,1,1
nuclear-capable,3,1,4
Iskander,2,0,2
missiles,1,0,1
anti-ship,0,1,1
Bastion,1,1,2
Bastion equipment,1,0,1
equipment,0,1,1
considered,1,0,1
Mannings,0,2,2
Mannings actions,0,1,1
Chelsea,0,1,1
exposed,5,2,7
serious,1,0,1
serious abuses,0,1,1
abuses,1,5,6
executive,1,0,1
Amnesty,5,1,6
Amnesty International,1,0,1
International,2,0,2
violated,8,6,14
Huang,0,1,1
long overdue,2,3,5
overdue,3,4,7
Despite,1,1,2
trans,1,0,1
trans woman,3,3,6
housed,2,1,3
Disciplinary,3,0,3
Disciplinary Barracks,0,1,1
"Disciplinary Barracks at Fort Leavenworth, Kansas",1,0,1
Barracks,1,1,2
Leavenworth,1,0,1
solitary,4,2,6
solitary confinement,6,3,9
confinement,3,8,11
attempted,2,0,2
attempted suicide,1,0,1
suicide,2,2,4
WikiLeaks,1,0,1
Julian Assanges,0,1,1
U.S. extradition,0,1,1
extradition,7,4,11
granted,0,1,1
granted clemency,2,0,2
clemency,9,9,18
Assange,1,2,3
Ecuadorian,1,1,2
embassy,3,0,3
claiming,0,1,1
claiming asylum,2,2,4
asylum,7,8,15
twice,0,1,1
heard,0,1,1
discovery,7,3,10
Vabbinfaru,1,3,4
Vabbinfaru resort,1,0,1
resort,1,0,1
immediately,3,0,3
immediately called,0,1,1
Mohamed Ibrahim,0,1,1
councilman,9,6,15
Fehendhoo,1,1,2
Fehendhoo Island,2,0,2
Haveeru,1,2,3
Kuala Lumpur,1,1,2
vanished,6,10,16
without a trace,1,0,1
trace,3,4,7
passengers,3,1,4
crew,1,3,4
believed,1,0,1
residents,2,2,4
Maldive,0,1,1
Kudahuvadhoo,3,2,5
claimed,0,3,3
low flying jumbo jet,1,1,2
jumbo jet,1,0,1
crash,0,1,1
appeared,2,1,3
resemble,10,9,19
Malaysia,0,1,1
Malaysia Airlines,1,0,1
seaplanes,8,7,15
IKEA,0,1,1
spokesperson,7,5,12
Pilkrona-Godden,0,1,1
affected,3,2,5
time being,1,1,2
Västerås,2,1,3
approximately,8,3,11
capital,1,0,1
Stockholm,0,2,2
population,2,2,4
roughly,2,2,4
Vice-premier,4,2,6
executed,3,3,6
published,2,0,2
Yonhap,1,1,2
Yonhap News Agency,1,0,1
claims,0,1,1
vice premier,2,0,2
premier,3,0,3
Choe Yong-gon,0,1,1
Yong-gon,1,0,1
executed,6,5,11
cites,2,3,5
unnamed,4,3,7
unnamed source,1,2,3
source,0,1,1
confirmed,3,3,6
Wikinews,2,0,2
rarely,0,1,1
statements,2,3,5
internal,3,0,3
internal affairs,1,5,6
affairs,1,2,3
Choe,1,0,1
disagreed,1,5,6
Supreme Leader,1,0,1
Kim Jong-uns,0,1,1
forestry,6,3,9
forestry policies,4,2,6
policies,1,0,1
Choe,1,1,2
vice premiers,4,0,4
premiers,4,1,5
charge,0,1,1
construction,1,0,1
building,0,1,1
material,1,0,1
material industries,1,0,1
industries,0,1,1
laser,2,2,4
object,2,1,3
paws,2,6,8
intensively,10,6,16
intensively bite,0,1,1
bite,0,1,1
capture,0,3,3
investigator,3,2,5
Associated,1,0,1
Associated Professor,0,1,1
Psychiatry,4,2,6
Araujo,1,0,1
mice,0,1,1
behaved,1,2,3
inspired,2,3,5
natural feeding behavior,1,1,2
feeding,0,1,1
behavior,1,0,1
opposed,2,0,2
passively,5,4,9
passively munching,0,1,1
munching,4,9,13
food pellets,0,2,2
pellets,1,4,5
associated,4,2,6
associated with feeding,0,1,1
feeding,0,1,1
suggested,0,2,2
associated,3,0,3
hunting,0,1,1
feeding,0,1,1
behavior,1,0,1
Stimulation,5,7,12
periaqueductal,8,3,11
periaqueductal gray,3,2,5
periaqueductal gray (PAG,1,0,1
controlled,1,0,1
controlled stalking,1,0,1
stalking,4,5,9
stalking and stimulation,0,2,2
stimulation,4,1,5
reticular,8,6,14
reticular formation,2,3,5
reticular formation controlled,1,0,1
reticular formation controlled biting,1,0,1
formation,2,0,2
controlled,1,0,1
biting,0,1,1
rendition,7,10,17
Manning,0,2,2
information,1,1,2
Manning,1,0,1
released,1,1,2
WikiLeaks,2,2,4
diplomatic,8,3,11
diplomatic accounts,0,2,2
military,1,0,1
military incident logs,1,0,1
incident logs,0,2,2
logs,1,1,2
footage,2,5,7
Apache,1,0,1
Apache helicopter,1,0,1
suspected,2,4,6
Iraqi,0,1,1
insurgents,7,7,14
Guantanamo,1,1,2
Guantanamo Bay,1,0,1
trial,0,1,1
detainees,10,8,18
detainees abused,0,1,1
abused,2,4,6
denounced,3,5,8
Manning,1,0,1
traitor,2,4,6
breach,2,1,3
endangered,4,5,9
convicted,2,1,3
espionage,5,9,14
acquitted,4,7,11
aiding,0,1,1
fitting,0,1,1
commentary,3,0,3
commute,1,4,5
endangered,3,5,8
diplomats,1,0,1
intelligence,1,0,1
leaking,0,2,2
sensitive,2,0,2
government,1,0,1
WikiLeaks,1,1,2
virulently,5,9,14
interference,8,4,12
elections,1,0,1
Bomb,1,0,1
vehicle,1,0,1
packed,0,2,2
explosives,9,2,11
detonated,10,10,20
targeted,3,4,7
housing,0,1,1
government,1,0,1
rebels,0,4,4
whom,0,1,1
seized,7,6,13
Islamic,0,1,1
Islamic militants,2,1,3
militants,4,1,5
leading,0,1,1
military intervention,1,1,2
intervention,9,5,14
disputed,4,1,5
disputed ceasefire,4,2,6
ceasefire,7,7,14
Occasional,2,1,3
worst,0,2,2
Bruno Le Roux,0,1,1
highly symbolic,2,1,3
symbolic,9,5,14
François,0,1,1
Hollande,0,1,1
Victims,1,1,2
tasked,0,1,1
providing,2,0,2
providing patrols,1,0,1
patrols,4,3,7
to quell,0,1,1
quell,6,8,14
quell the violence,0,1,1
violence,2,1,3
Boubacar Keita,0,1,1
declare,1,1,2
mourning,8,8,16
sluggish,10,10,20
sluggish wage growth,1,1,2
wage,0,1,1
pocket of weakness,2,1,3
weakness,1,1,2
economic,2,0,2
economic recovery,2,1,3
steady,1,1,2
steady payroll,0,1,1
payroll,2,9,11
payroll gains,1,0,1
averaging,4,0,4
led,0,1,1
observers,3,3,6
Federal,1,1,2
Federal Reserve,2,0,2
Reserve,1,0,1
hike,0,5,5
increasingly,2,1,3
according to,1,0,1
clearing the hurdle,1,0,1
hurdle,8,10,18
Fed,2,1,3
rate hike,2,0,2
hike,0,1,1
economist,9,1,10
bar,0,1,1
Federal Reserve,1,1,2
explicitly,8,10,18
explicitly stated,0,1,1
interest rates,1,0,1
stated,0,2,2
further improvement,0,1,1
improvement,3,2,5
jobs market,1,0,1
management,5,4,9
hand it over,0,1,1
unnamed,2,1,3
authorities,5,3,8
debris,8,8,16
destroyed,1,1,2
The Serious and Organized Crime Unit,1,0,1
Serious and Organized Crime Unit,1,0,1
Organized,0,2,2
Maldives,0,1,1
experts,0,3,3
Maldives Civil Aviation Authority,1,0,1
Civil,3,0,3
Civil Aviation Authority,1,0,1
Aviation,3,4,7
Authority,1,0,1
heading,0,1,1
investigation,8,4,12
Yesterday,1,0,1
debris,5,3,8
measuring,3,4,7
Baa Atoll,0,1,1
Fehendhoo,2,1,3
Fulhahdhoo,1,1,2
ashore,4,7,11
piece,0,1,1
appears,1,0,1
serial,3,0,3
serial number,1,0,1
Initially,6,3,9
residents,3,2,5
debris,1,3,4
resident,1,3,4
debris,3,3,6
rape,1,0,1
rape accusations,0,1,1
accusations,10,10,20
Swedish,0,1,1
administration,2,2,4
unprecedented,10,9,19
unprecedented crackdown,2,4,6
crackdown,2,7,9
leaks,1,2,3
leaks of government secrets,1,0,1
government,0,1,1
Manning,1,2,3
individuals,0,1,1
granted,0,1,1
clemency,10,9,19
tenure,4,7,11
Josh Ernest,0,1,1
whistleblower,8,9,17
Edward,0,1,1
Snowden,0,1,1
pardoned,5,10,15
dangerous,2,0,2
formal trial,0,1,1
acknowledged,2,0,2
acknowledged wrongdoing,2,2,4
wrongdoing,2,4,6
adversary,7,8,15
sought,3,2,5
sought refuge,0,2,2
refuge,2,3,5
concerted,6,4,10
concerted effort,0,2,2
undermine,4,4,8
undermine confidence,1,0,1
democracy,3,1,4
commuted,4,5,9
nationalist,3,1,4
convicted,0,1,1
Apollo,1,0,1
Cernan,0,1,1
Cernan worked,0,1,1
Apollo-Soyuz,1,1,2
Apollo-Soyuz project,1,0,1
project,0,1,1
retiring,4,3,7
NASA,2,0,2
executive,7,3,10
executive and consultant,1,0,1
consultant,7,5,12
autobiography,10,2,12
advocated,10,7,17
returning,1,0,1
Neil Armstrong,0,1,1
patriot,4,6,10
pioneer,4,6,10
shape,0,1,1
countrys bold ambitions,0,1,1
bold,0,1,1
bold ambitions,0,1,1
ambitions,4,8,12
ambitions to do things that humankind,0,1,1
humankind,3,6,9
achieved,2,3,5
Administrator,2,0,2
Administrator Charles Bolden,0,1,1
Charles Bolden,0,1,1
Gujarat quota,0,1,1
Gujarat quota protests,2,0,2
quota,5,1,6
quota protests,1,0,1
protests,1,2,3
violent,2,0,2
Gujarat,1,0,1
curfew,6,9,15
dozens,0,1,1
protests,2,1,3
job quotas,1,0,1
quotas,3,2,5
Ahmedabad,0,1,1
drilled,1,7,8
drilled a tunnel,1,0,1
tunnel,2,4,6
pot,1,0,1
the foraging arena,1,0,1
foraging,6,3,9
foraging arena,1,1,2
medicine,2,0,2
infected,2,4,6
preparing,0,1,1
solution,2,1,3
fungus,6,2,8
fungus Beauveria bassiana,2,0,2
Beauveria,3,0,3
Beauveria bassiana,5,2,7
bassiana,4,2,6
Afterwards,1,0,1
dipped,0,5,5
solution,1,0,1
dried,0,2,2
exposing,4,6,10
fungus,3,1,4
foraging,3,7,10
foraging arena,4,2,6
arena,0,2,2
counted,0,1,1
food-source,1,1,2
infected,1,1,2
sooner,0,2,2
ingesting,3,10,13
ROS,2,0,2
ROS [Reactive Oxygen Species,1,0,1
Reactive,1,0,1
Reactive Oxygen Species,2,0,2
Oxygen,1,0,1
Species,2,2,4
chemicals,1,0,1
hydrogen,4,0,4
hydrogen peroxide,2,0,2
peroxide,1,0,1
infected,1,0,1
obtained,3,3,6
force feed,0,2,2
ignore,2,1,3
behaviour,9,3,12
guesses,2,5,7
moment,1,1,2
investigate,8,6,14
couple,1,1,2
Wikinews,1,0,1
PhD,1,0,1
researched,2,0,2
ants scent-based communications,0,1,1
scent-based,2,5,7
scent-based communications,5,2,7
communications,4,1,5
infected,1,5,6
encourage,2,4,6
conflicting,6,8,14
conflicting evidence,3,0,3
evidence,0,3,3
actually,1,0,1
smell,0,1,1
interaction,5,3,8
nestmates,10,10,20
nestmates and especially brood,1,0,1
brood,2,7,9
nest,0,1,1
die in isolation,0,1,1
isolation,10,8,18
common,1,0,1
collection,3,4,7
species,6,7,13
species of fungus,1,0,1
fungus,7,2,9
appear,1,1,2
different strain,1,1,2
strain,7,7,14
laboratory,5,0,5
laboratory technician,1,0,1
technician,3,1,4
adapt,5,2,7
local strains,2,1,3
strains,3,4,7
local adaptation,2,0,2
adaptation,3,5,8
strain,2,2,4
strain of fungus,2,0,2
fungus,1,1,2
definitely,1,3,4
evolve,4,5,9
evolve specific resistances,1,0,1
specific,1,0,1
specific resistances,2,1,3
resistances,9,5,14
reaction,0,1,1
to self-medicate,1,0,1
self-medicate,1,0,1
general response,1,2,3
response,1,0,1
fungal,0,1,1
fungal enemies,2,0,2
enemies,2,1,3
ethical,5,3,8
ethical considerations,3,1,4
considerations,2,1,3
exposing,2,2,4
toxins,7,6,13
parasites,1,1,2
alleges,7,9,16
ensure,2,5,7
inclusion,6,3,9
inclusion of the low-polling candidates,1,0,1
low-polling,3,1,4
low-polling candidates,2,2,4
candidates,0,1,1
Hewlett-Packard,0,1,1
Carly,0,1,1
Fiorina,0,1,1
George Pataki,0,1,1
Lindsey,0,1,1
Graham,0,1,1
Gilmore,0,1,1
recognizes,4,4,8
major players,2,1,3
Furthermore,0,3,3
argues,2,2,4
criteria,4,3,7
objective,3,4,7
define,0,1,1
consistently,8,9,17
recognized,2,5,7
referring,0,2,2
asserts,3,5,8
Republican,1,0,1
online straw poll,1,2,3
straw,0,1,1
straw poll,3,3,6
excluded,4,2,6
debate,1,2,3
expert,0,1,1
publisher,1,0,1
Ballot Access News,0,1,1
challenge,0,2,2
chance of success,0,1,1
actually,1,0,1
lawsuit,2,10,12
complaining,1,3,4
FEC,0,1,1
deputy,5,2,7
deputy chief,2,0,2
deputy chief of the HCSO,1,0,1
brothers in arms,2,0,2
arms,1,1,2
hurting,3,6,9
difficult,3,0,3
sheriff,2,0,2
sheriffs,2,0,2
a tragedy,1,0,1
tragedy,8,6,14
those…affected,1,0,1
tragedy,1,0,1
reporters,2,0,2
administrative,6,2,8
administrative segregation,4,2,6
administrative segregation unit,1,0,1
segregation,10,7,17
promised,1,1,2
elsewhere,2,2,4
angered,1,4,5
victims,3,2,5
victims disrespected,0,1,1
disrespected,10,6,16
mistreated,10,9,19
auxiliary,10,8,18
auxiliary bishop,3,2,5
bishop,4,0,4
conducted,5,1,6
Roman Catholic mass,2,0,2
mass,1,1,2
St Marys Roman Catholic Church,1,0,1
Catholic,0,1,1
Liverpools Woolton,1,0,1
Woolton,0,2,2
church,1,0,1
Bobby Willis,0,1,1
marriage,1,0,1
Eulogies,8,7,15
delivered,1,2,3
Cliff Richard,0,1,1
OGrady,0,1,1
poems,1,0,1
tributes,9,8,17
flew,0,3,3
specially,3,0,3
funeral,3,4,7
interred,9,7,16
ceremony,5,0,5
graves,1,2,3
Allerton,0,2,2
cemetery,7,2,9
suffered,1,2,3
stroke,4,2,6
military,1,1,2
quasi-state of war,3,1,4
quasi-state,4,3,7
According,1,0,1
Yonhap,0,2,2
quoting,3,2,5
agency,1,0,1
military,0,1,1
high alert,0,1,1
alert,1,0,1
prepare,2,0,2
quasi-state,1,1,2
quasi-state of war,2,2,4
along party lines,0,1,1
party lines,0,1,1
Republicans,4,0,4
expressed,1,3,4
uncertainty,7,5,12
repealing,8,10,18
repealing Obamacare,1,0,1
Obamacare,2,1,3
replacement,2,3,5
replacement system,1,0,1
president-elect,1,1,2
Donald Trump,0,1,1
repeal and replace,2,0,2
repeal,0,3,3
enacted,8,7,15
simultaneously,10,8,18
government,1,0,1
expressed,1,1,2
doubts,2,0,2
well-constructed,3,1,4
well-constructed plan,0,1,1
voting,1,0,1
Senator,1,0,1
Johnny Isakson,0,1,1
repealing,4,2,6
Obamacare,0,1,1
unacceptable,5,3,8
concerns,5,3,8
House of Representatives,2,0,2
Representatives,2,0,2
replacement,0,2,2
repeal,3,1,4
Representative,3,1,4
Mark Meadows,0,1,1
Neighbouring,9,3,12
Hungary is constructing,0,1,1
constructing,5,2,7
constructing a border fence,1,0,1
border fence,0,3,3
fence,0,3,3
frontier,9,4,13
attempts,1,0,1
illegally,6,2,8
according to authorities,1,0,1
authorities,6,2,8
Conflict,3,3,6
refugees,9,6,15
freely,0,1,1
Schengen,1,1,2
Schengen Area,0,1,1
arrested,2,0,2
motorists,2,2,4
motorists suspected of people smuggling,1,0,1
suspected,3,2,5
people smuggling,1,1,2
smuggling,10,9,19
accused,5,4,9
roadside,1,1,2
Bruck,0,1,1
Bruck an der Leitha,1,0,1
Leitha,0,1,1
struggling,4,7,11
struggling to breathe,1,1,2
breathe,2,1,3
astronaut,4,2,6
astronaut Eugene,1,0,1
Cernan,0,1,1
NASA astronaut,1,1,2
astronaut,7,2,9
according,1,0,1
NASA,1,0,1
statement,1,0,1
previous,1,0,1
previous foray,0,1,1
foray,10,7,17
charade,10,8,18
Wikinews,1,0,1
tag team,5,2,7
attacking,1,0,1
candidacy,10,5,15
raw,1,1,2
raw media,1,0,1
raw media power,2,2,4
weaken,1,1,2
negative,1,0,1
negative information,0,1,1
hardball,6,5,11
hardball media tactics,1,3,4
tactics,6,4,10
toxic,4,2,6
toxic candidate,2,0,2
candidate,3,0,3
adamantly,10,10,20
adamantly opposes,1,1,2
opposes,3,1,4
criticizes,4,1,5
alleged,3,6,9
economic,1,0,1
collapse,1,2,3
Lehman,0,1,1
labeling,0,1,1
handful,0,1,1
corrupt,2,0,2
corrupt plutocrats,3,2,5
plutocrats,10,8,18
previously,1,0,1
criticized,1,3,4
accusing,2,0,2
then-presidential,2,0,2
then-presidential candidate,1,0,1
abusing,1,3,4
cocaine,0,1,1
presence,3,2,5
presence of US assets,1,0,1
US assets,1,0,1
assets,1,3,4
threatens,3,8,11
threatens our interests and our security,1,1,2
security,1,1,2
military presence,0,1,1
presence,2,1,3
BBC,1,0,1
Outgoing,1,3,4
Barack Obama,0,1,1
authorised,5,7,12
response,0,1,1
Russian intervention,1,0,1
intervention,6,7,13
Ukraine,1,1,2
Crimea,0,2,2
Crimea was annexed,1,0,1
annexed,8,8,16
NATO summit,1,1,2
summit,1,3,4
Tomasz,0,1,1
Tomasz Szatkowski,1,1,2
Polish Undersecretary,1,0,1
Undersecretary,4,2,6
Undersecretary of State,0,1,1
Undersecretary of State for Defence,0,1,1
large exercises,0,2,2
exercises,1,2,3
troops,0,2,2
Szatkowski,0,1,1
mentioned,2,1,3
aggressive,5,5,10
aggressive actions,1,0,1
aggressive actions in our vicinity,1,1,2
vicinity,6,10,16
Deputy,0,1,1
Alexei Mechkov,0,1,1
Mechkov,1,1,2
incoming,1,1,2
vehicles,1,1,2
factor destabilising European security,0,1,1
destabilising,10,8,18
destabilising European security,1,0,1
recent stint,0,1,1
stint,9,9,18
arrested,3,2,5
allegedly,10,7,17
allegedly slamming,1,2,3
slamming,3,8,11
refrigerator,4,2,6
involved,0,1,1
murders,0,1,1
assault,5,9,14
assault charge,1,2,3
victims,2,3,5
scene,0,1,1
authorities,5,4,9
released,1,2,3
Dwayne,1,0,1
Honesty,1,0,1
Nathaniel,1,0,1
investigators,7,5,12
Valerie,1,0,1
broke,0,1,1
tragedy,10,8,18
a statement,0,1,1
statement,0,4,4
checked,0,2,2
GPS trackers,0,1,1
trackers,1,2,3
fleet,1,3,4
vehicles,1,0,1
Slovakia,2,1,3
statement,1,0,1
lorry,7,3,10
Hyza,1,1,2
Hyza vehicles,1,0,1
exported,5,2,7
registered,4,3,7
the branding,0,1,1
branding,1,4,5
Bild,1,1,2
Bild newspaper,1,0,1
Agrofert,3,0,3
parent,0,1,1
statement,1,0,1
owners,0,1,1
required,0,2,2
cooperate,3,1,4
Slovak,0,1,1
express,0,2,2
sincere,1,0,1
condolences,10,8,18
condolences to the bereaved,1,0,1
bereaved,10,10,20
Interior,0,1,1
Interior Minister,1,1,2
Johanna,0,1,1
Mikl-Leitner,0,1,1
Union-wide,1,0,1
measures,0,1,1
immigrant,4,5,9
immigrant refugees,1,2,3
refugees,5,3,8
tackle,2,6,8
human traffickers,2,0,2
traffickers,7,8,15
Yesterday,1,0,1
IndyCar,1,1,2
injuries,4,0,4
sustained,10,8,18
Pocono,1,0,1
twenty laps,0,1,1
laps,0,3,3
remaining,1,0,1
leading,0,1,1
crashed,0,3,3
approached,5,3,8
site,0,1,1
crash,0,1,1
reportedly,2,2,4
nose cone,0,1,1
cone,0,1,1
airborne,6,7,13
struck,0,1,1
helmet,1,0,1
steered,4,9,13
collided,8,5,13
barrier,3,4,7
caution,3,0,3
caution flag,1,2,3
extracted,10,7,17
airlifted,7,8,15
released a statement,1,0,1
statement,0,1,1
"statement, announcing",1,0,1
announcing,2,1,3
suffered,3,1,4
severe,5,0,5
critical,4,0,4
critical condition,2,0,2
condition,1,0,1
had fallen into,0,1,1
coma,3,5,8
Initially,7,2,9
considered,3,3,6
victims,4,2,6
status,4,1,5
changed,0,2,2
suspect,3,3,6
subsequently,10,9,19
wounds,2,1,3
CCTV,1,0,1
investigation,6,5,11
Local newspaper Vestmanlands Läns Tidning (VLT,1,0,1
newspaper,1,0,1
Vestmanlands Läns Tidning,1,1,2
reportedly,1,3,4
footage,4,4,8
suspects,2,1,3
tackled,8,9,17
claimed,1,0,1
identified,3,0,3
respectively,10,2,12
victims,0,1,1
residents,1,1,2
connection,1,0,1
Västerås,1,1,2
vacationing,9,8,17
spokesperson,6,5,11
an act of madness,1,0,1
act of madness,0,1,1
madness,2,0,2
worst,1,2,3
Mattias,1,0,1
Mattias Johansson,0,1,1
Västerås,1,0,1
Sveriges,1,1,2
Law and Justice Party,1,0,1
removed,0,1,1
web,0,1,1
featuring,3,5,8
investigation,5,6,11
Smolensk,2,1,3
Smolensk air disaster,3,0,3
air,1,0,1
disaster,2,8,10
dignitaries,10,10,20
Kaczynski,1,1,2
disputed,5,8,13
probe,3,1,4
concluded,2,1,3
pilots,2,0,2
determination,8,7,15
dense,3,2,5
dense fog,0,2,2
fog,0,1,1
blame,0,4,4
Russian controllers,1,1,2
failing,0,2,2
failing to divert,0,1,1
divert,2,5,7
investigators,2,0,2
blamed,0,2,2
pilots,1,0,1
high-profile,2,3,5
high-profile political figures,1,1,2
political,0,1,1
ceremony,1,1,2
commemorating,10,9,19
anniversary,1,0,1
Katyn,0,1,1
massacre,8,5,13
civilians,2,0,2
Soviets,1,0,1
